1,0.63683,0.24691,0.073939,-0.10651,-0.15687,0.16032,-0.0032296,0.015907,-0.080779,0.44532,0.20685,0.32488,0.095086,0.16441,-0.029866,0.36261,0.31689,0.54193,0.44868,-0.12703,-0.15483,0.064211,-0.048256,-0.077075,-0.13808,0.010799,-0.037916,0.18485,0.11868,-0.070177,-0.13978,0.17042,0.027304,-0.16464,-0.27293,-0.17711,-0.22977,-0.13707,-0.15731,0.010383,-0.051074,-0.18667,-0.15787,-0.12031,-0.086868,-0.19406,-0.22576,-0.041959,-0.052744,-0.074017,-0.1129,-0.040905,-0.12279,-0.21616,-0.21435,0.69748,0.49453,0.28551,0.12249,0.32734,0.02973,0.29963,0.077209,0.022151,-0.10599,-0.12991,-0.26822,0.46461,0.30748,-0.097248,-0.17133,0.045089,0.043693,-0.04108,-0.036598,-0.097981,-0.1751,0.21363,0.20423,0.22715,0.17016,0.067657,0.044093,0.14526,-0.063958,-0.065054,-0.089422,0.0047496,-0.099158,-0.31632,-0.2442,-0.26725,-0.21805,-0.045573,-0.10581,-0.16779,-0.11415,-0.26545,-0.18886,-0.25806,-0.15518,-0.2223,-0.18382,-0.30737,-0.25874,-0.27995,-0.19807,-0.049232,-0.08352,-0.21835,-0.21881,-0.24218,-0.21548,-0.21597,-0.076174
0.63683,1,0.031847,0.11708,-0.1622,-0.17572,-0.13035,0.01021,-0.16211,-0.11348,0.14933,0.22414,-0.0081488,0.08515,0.02307,0.016233,0.44613,0.57454,0.46969,0.59353,-0.10947,-0.13233,-0.039295,-0.033288,-0.097491,-0.11157,-0.020612,-0.0085394,0.20963,0.29054,-0.096509,-0.067143,0.22529,0.20797,-0.1992,-0.25921,-0.19306,-0.18714,-0.12523,-0.1034,0.04107,0.037745,-0.16568,-0.10384,-0.032501,0.047327,-0.14388,-0.14261,-0.016022,0.026451,-0.11303,-0.026072,-0.05813,-0.039699,-0.23402,-0.12972,0.72182,0.78513,0.077851,0.1595,0.048003,0.065358,0.25605,0.26548,-0.12189,-0.12042,-0.17604,-0.20164,0.54401,0.43371,-0.20034,-0.18814,0.012208,0.10242,-0.069445,-0.0058477,-0.20418,-0.17515,0.3032,0.37463,0.31007,0.38496,0.065161,0.18044,0.049544,0.07024,-0.056967,-0.02936,-0.14696,-0.054039,-0.37078,-0.31765,-0.35922,-0.29909,-0.028539,-0.081242,-0.10817,-0.10163,-0.23275,-0.27195,-0.31619,-0.25225,-0.18271,-0.23288,-0.34614,-0.32905,-0.33115,-0.27688,-0.083036,-0.071025,-0.19485,-0.23844,-0.2916,-0.21122,-0.27507,-0.10729
0.24691,0.031847,1,0.53451,0.28718,0.081433,0.7058,0.23916,0.40358,0.11374,0.16149,-0.10693,0.31518,0.036118,0.3791,0.10825,-0.1253,-0.1496,0.35683,0.1263,0.078631,-0.017617,0.70008,0.55047,0.39502,0.30996,0.28531,0.18041,-0.066524,-0.1773,0.39744,0.30112,0.14984,-0.016959,0.30273,0.12779,0.11223,-0.030801,0.05732,-0.043937,0.073976,0.0065767,-0.084018,-0.13012,-0.14174,-0.21825,-0.17103,-0.18303,-0.16576,-0.20038,-0.1083,-0.16624,-0.099129,-0.082484,-0.15001,-0.18901,0.03857,-0.057555,0.10615,-0.075191,0.19474,-0.033225,-0.039543,-0.22959,0.51743,0.2409,0.16543,-0.10178,0.12981,0.034761,0.22992,0.17903,0.14544,0.018355,0.068407,-0.012511,0.11552,-0.017928,-0.032438,-0.031535,-0.10204,-0.054893,0.089604,-0.099351,0.2876,0.098983,0.15928,0.08287,0.20674,0.019671,0.050361,0.21185,0.12432,0.28868,-0.0046288,-0.047754,-0.049936,-0.094083,-0.13821,-0.0026505,-0.081022,0.17418,-0.15087,-0.050688,-0.034199,0.082895,-0.10683,-0.079769,0.0012199,0.020978,0.015785,-0.047214,-0.083987,-0.091295,0.015561,0.023605
0.073939,0.11708,0.53451,1,0.13816,0.23322,0.46776,0.69561,0.25943,0.37827,-0.069523,0.20758,0.0078535,0.26257,0.09756,0.25355,-0.13039,-0.096695,0.22981,0.25982,0.014472,-0.0054865,0.4191,0.63119,0.16794,0.34823,0.058956,0.098903,-0.04307,-0.0061491,0.28237,0.4337,0.13614,0.25408,0.1053,0.16318,-0.061232,-0.08799,-0.055807,-0.051424,0.0055705,0.0032824,-0.15745,-0.17632,-0.15246,-0.15349,-0.22715,-0.19865,-0.20128,-0.17952,-0.19086,-0.13299,-0.1573,-0.12993,-0.22768,-0.20184,-0.034755,0.0097005,-0.023205,0.15692,0.082828,0.34765,-0.020772,0.11437,0.25562,0.43785,0.1246,0.16536,0.10765,0.11964,0.098907,0.17869,0.094113,0.082215,0.025326,0.037796,0.034212,0.077193,-0.055159,-0.049809,-0.090957,0.018335,-0.01977,-0.002398,0.047514,0.24801,0.021774,0.065576,0.035939,0.095293,0.13145,0.06553,0.2095,0.10416,-0.029483,-0.047438,-0.12061,-0.14186,-0.083585,-0.12246,0.086153,0.077651,-0.083728,-0.10117,0.0016439,-0.023979,-0.088072,-0.088992,-0.0066168,0.019503,-0.0058287,-0.076785,-0.086898,-0.10957,-0.024933,0.0070551
-0.10651,-0.1622,0.28718,0.13816,1,0.588,0.2057,0.06724,0.55282,0.33583,0.025471,-0.10594,0.12766,0.024149,0.39203,0.28153,-0.11962,-0.14569,-0.0022122,-0.075071,0.45718,0.41403,0.31564,0.24667,0.44837,0.40094,0.49023,0.46048,-0.076983,-0.097536,0.15156,0.1115,-0.03378,-0.082263,0.15354,0.068018,0.028903,0.037691,0.21868,0.18893,0.073729,0.088643,-0.027448,-0.088131,-0.052171,-0.095283,-0.053512,-0.062715,-0.082577,-0.082544,-0.021678,-0.035232,0.0306,0.1017,0.07656,0.041211,-0.159,-0.17754,-0.029813,-0.078616,0.03832,-0.026485,-0.082827,-0.12476,0.24159,0.12773,0.081656,-0.02036,-0.077405,-0.065283,0.095059,0.078337,-0.011662,-0.072671,0.10553,0.061212,-0.052284,-0.10433,-0.065307,-0.065174,-0.030133,-0.024753,0.25419,0.15978,0.21292,0.16097,0.22977,0.24431,0.31955,0.21591,0.12008,0.18099,0.19188,0.26232,0.017527,-0.0032096,-0.030943,-0.079454,-0.063276,0.015846,0.078916,0.19551,-0.0013888,0.089067,0.047743,0.090713,0.04139,0.027808,0.043611,-0.018269,-0.020859,0.030257,0.064868,0.055526,0.038402,0.047995
-0.15687,-0.17572,0.081433,0.23322,0.588,1,0.12364,0.27358,0.43063,0.58283,-0.072388,0.05433,0.0063793,0.11222,0.2209,0.34437,-0.13646,-0.14291,-0.077787,-0.089456,0.37511,0.4317,0.11341,0.20599,0.25209,0.39352,0.31869,0.49908,-0.068123,-0.02911,0.03148,0.077332,-0.11419,-0.030522,0.037248,0.08273,-0.00026359,0.035701,0.18504,0.24273,0.038222,0.11078,-0.047185,-0.090415,-0.055575,-0.069117,-0.049064,-0.051534,-0.084209,-0.059028,-0.031241,0.0015374,0.033331,0.098656,0.092867,0.094635,-0.19467,-0.17135,-0.028359,0.044052,0.042897,0.17093,-0.078399,-0.00031718,0.081656,0.20053,0.034588,0.062793,-0.1016,-0.071137,0.029309,0.056667,-0.072946,-0.090841,0.037845,0.030785,-0.10575,-0.083711,-0.082179,-0.085455,-0.02086,-0.016274,0.17435,0.16275,0.041815,0.15181,0.2131,0.23459,0.26464,0.3026,0.1759,0.1082,0.26091,0.16162,0.0089492,0.018757,-0.021111,-0.045582,0.010875,0.0011652,0.23139,0.16706,0.12316,0.13114,0.10558,0.057349,0.10694,0.065006,0.015927,-0.021579,-0.0050471,0.02169,0.081999,0.091922,0.038683,0.060388
0.16032,-0.13035,0.7058,0.46776,0.2057,0.12364,1,0.50609,0.49764,0.26184,0.2951,0.083293,0.5013,0.11955,0.28957,0.075773,-0.14462,-0.20594,0.23226,0.065609,-0.056227,-0.10226,0.4521,0.31183,0.096997,0.10455,0.0046263,-0.055871,0.057721,-0.079746,0.33625,0.2608,0.15761,0.071231,0.11836,0.031633,-0.026083,-0.11528,-0.058581,-0.15767,-0.039162,-0.086897,-0.14175,-0.18911,-0.16569,-0.24509,-0.21646,-0.25583,-0.20572,-0.26033,-0.14161,-0.245,-0.15414,-0.18881,-0.18712,-0.2905,-0.11874,-0.20148,0.16594,-0.018896,0.43529,0.20809,0.089969,-0.042433,0.41708,0.23336,0.19251,-0.019345,-0.023923,-0.058857,0.23378,0.17856,0.18027,0.081901,0.11378,0.068033,0.17976,0.067935,-0.10236,-0.12723,-0.11847,-0.1468,0.0042553,-0.11563,0.10357,-0.06631,-0.033466,-0.11862,0.18965,-0.053991,0.12944,0.18594,0.17719,0.22836,-0.033675,-0.073701,-0.07933,-0.13756,-0.042949,0.01251,0.071025,0.22367,-0.071582,-0.005066,-0.0021011,0.070391,-0.053359,-0.026378,0.004847,0.0069085,0.0037543,0.0044181,0.00089957,-0.0618,0.038941,0.04999
-0.0032296,0.01021,0.23916,0.69561,0.06724,0.27358,0.50609,1,0.33274,0.56145,0.034255,0.4758,0.14076,0.45673,0.034896,0.26036,-0.12845,-0.077859,0.089659,0.12732,-0.086875,-0.091245,0.15194,0.34095,-0.099135,0.13391,-0.16516,-0.058129,0.08304,0.12989,0.1428,0.3345,0.083971,0.29272,-0.06879,0.038366,-0.16666,-0.13437,-0.1396,-0.13571,-0.057421,-0.040619,-0.17756,-0.172,-0.16618,-0.14489,-0.2263,-0.21227,-0.20627,-0.1605,-0.18968,-0.13485,-0.1671,-0.15742,-0.22741,-0.22057,-0.14801,-0.06387,0.044024,0.25512,0.27938,0.62604,0.041456,0.31603,0.098358,0.39773,0.030696,0.1506,-0.054208,-0.020674,0.041074,0.16114,0.084919,0.097778,0.049276,0.073363,0.061025,0.12801,-0.096063,-0.097411,-0.099768,-0.022317,-0.069346,0.020307,-0.17327,0.082815,-0.098842,-0.13161,0.021555,0.11309,0.14814,0.027708,0.19326,0.040569,-0.063759,-0.075246,-0.17136,-0.1727,0.0019087,-0.093827,0.20264,0.12312,-0.011147,-0.041813,-0.011457,-0.039207,-0.044353,-0.06114,-0.022043,-0.0071521,-0.023973,-0.029595,-0.0078671,-0.074953,-0.012533,0.030917
0.015907,-0.16211,0.40358,0.25943,0.55282,0.43063,0.49764,0.33274,1,0.59424,0.18949,0.083266,0.41975,0.18255,0.47441,0.29924,-0.12502,-0.16115,0.08673,-0.043086,0.11726,0.084341,0.37148,0.26681,0.23886,0.24701,0.21736,0.22335,-0.013995,-0.071597,0.13954,0.11738,-0.020437,-0.054682,0.09435,-0.0018096,-0.01443,-0.071458,0.013968,-0.061563,0.022156,-0.0355,-0.099065,-0.16628,-0.13209,-0.18722,-0.13735,-0.15663,-0.1629,-0.16543,-0.10281,-0.14937,-0.020638,-0.0013017,-0.077255,-0.1359,-0.13967,-0.15387,0.099302,-0.011674,0.31022,0.19303,-0.010234,-0.051828,0.34629,0.20503,0.053774,-0.079421,-0.016589,-0.027055,0.12698,0.10913,0.044568,-0.039579,0.060032,0.0040457,0.019554,-0.057706,-0.072468,-0.080759,-0.074882,-0.067699,0.10045,0.029756,0.13145,0.059138,0.057139,0.0011041,0.267,0.15306,0.17345,0.24853,0.22017,0.28965,-0.022666,-0.059738,-0.1048,-0.1418,-0.030728,0.017047,0.10354,0.2335,-0.0070084,0.044832,-0.020334,0.036502,0.042982,0.070838,0.012542,-0.02676,-0.037073,0.010358,0.056205,-0.017181,0.020445,0.0035776
-0.080779,-0.11348,0.11374,0.37827,0.33583,0.58283,0.26184,0.56145,0.59424,1,0.053836,0.27725,0.17854,0.35107,0.27255,0.45229,-0.12368,-0.11089,0.0051208,-0.01962,0.087595,0.12947,0.15665,0.27375,0.060768,0.23741,0.11251,0.21748,-0.017236,0.048732,0.04025,0.16955,-0.08152,0.050806,-0.014065,0.028857,-0.070015,-0.046474,-0.030615,-0.0070317,-0.014963,0.014151,-0.14707,-0.18122,-0.16769,-0.15858,-0.1579,-0.15461,-0.20305,-0.14611,-0.15514,-0.13714,-0.047759,-0.023536,-0.09059,-0.08402,-0.17831,-0.1197,-0.011162,0.10879,0.19557,0.42698,-0.045952,0.092326,0.15442,0.30204,-0.071239,-0.018454,-0.04467,-0.014495,0.041464,0.1179,-0.0037164,-0.0040242,0.041697,0.041064,-0.035087,-0.0014784,-0.064126,-0.047377,-0.048171,-0.025637,0.023035,0.076619,-0.014201,0.11711,-0.0056173,-0.020775,0.18906,0.26744,0.22921,0.13027,0.30774,0.1675,-0.022991,-0.027372,-0.13195,-0.13178,0.018369,-0.044576,0.24773,0.18029,0.071427,0.065477,0.045854,-0.0019143,0.080256,0.061753,0.0014429,-0.0051101,-0.026785,0.010877,0.06046,0.00073043,0.02042,0.032602
0.44532,0.14933,0.16149,-0.069523,0.025471,-0.072388,0.2951,0.034255,0.18949,0.053836,1,0.42764,0.72221,0.34477,0.42024,0.19538,0.25938,0.16805,0.34725,0.19663,-0.083699,-0.086112,0.15249,-0.030775,-0.12655,-0.19511,-0.016512,-0.060734,0.29291,0.16421,0.034226,-0.052591,0.092053,-0.018416,-0.14917,-0.27747,-0.22576,-0.24647,-0.12295,-0.13301,-0.0076511,-0.06302,-0.20381,-0.1831,-0.21777,-0.21882,-0.21732,-0.27141,-0.19053,-0.20229,-0.15023,-0.19205,-0.10729,-0.15609,-0.16251,-0.19818,0.1963,0.10391,0.14155,-0.021375,0.38694,0.071812,0.38761,0.15543,0.11154,-0.054143,-0.15625,-0.29204,0.07518,0.014375,-0.035695,-0.11444,0.12419,0.10327,0.19218,0.16342,0.011181,-0.09555,0.15214,0.13045,0.19845,0.11126,0.20804,0.12692,0.24975,-0.0038491,-0.058147,-0.060379,0.15134,-0.042118,-0.18945,-0.11346,-0.13925,-0.081234,0.0069875,-0.067672,-0.17069,-0.16901,-0.2196,-0.13548,-0.15217,-0.03513,-0.19354,-0.10236,-0.18537,-0.14256,-0.13097,-0.13082,0.064298,-0.02483,-0.1839,-0.1594,-0.13278,-0.19502,-0.095739,0.027546
0.20685,0.22414,-0.10693,0.20758,-0.10594,0.05433,0.083293,0.4758,0.083266,0.27725,0.42764,1,0.30887,0.69702,0.14389,0.39186,0.18357,0.24122,0.17294,0.27204,-0.12391,-0.12485,-0.065471,0.063766,-0.29212,-0.17077,-0.20539,-0.095545,0.33502,0.3912,-0.052219,0.080507,0.071592,0.2245,-0.29316,-0.2322,-0.28094,-0.21904,-0.17727,-0.13006,0.022975,0.031681,-0.23159,-0.18357,-0.21827,-0.1421,-0.22681,-0.23172,-0.17218,-0.10177,-0.1507,-0.072049,-0.11227,-0.14057,-0.18136,-0.11298,0.070544,0.1594,0.077543,0.25355,0.26957,0.46365,0.30688,0.53813,-0.13726,0.10069,-0.1742,-0.072472,0.0073767,-0.0012165,-0.13375,-0.065661,0.070496,0.16915,0.10801,0.17172,-0.035649,0.046409,0.086151,0.094812,0.14257,0.19576,0.094239,0.23682,-0.095347,0.14091,-0.10915,-0.10151,-0.048977,0.097387,-0.12235,-0.2026,-0.12537,-0.23513,-0.052652,-0.08604,-0.24076,-0.19,-0.10602,-0.18521,-0.0060568,-0.10377,-0.083806,-0.1551,-0.16899,-0.21517,-0.11438,-0.11773,-0.0044807,-0.050707,-0.16319,-0.14993,-0.13738,-0.17487,-0.11408,-0.00059059
0.32488,-0.0081488,0.31518,0.0078535,0.12766,0.0063793,0.5013,0.14076,0.41975,0.17854,0.72221,0.30887,1,0.42893,0.54101,0.26421,0.091228,-0.012043,0.23493,0.049538,-0.08785,-0.087622,0.32243,0.10052,0.011241,-0.089937,0.079182,0.0094968,0.18478,0.04279,0.099251,-0.0037129,0.054155,-0.066951,0.00094079,-0.1595,-0.12235,-0.17848,-0.089119,-0.14578,-0.0071933,-0.061496,-0.16239,-0.17767,-0.20642,-0.26323,-0.19583,-0.25754,-0.1976,-0.21654,-0.11823,-0.20337,-0.10317,-0.16511,-0.15014,-0.22554,0.037689,-0.048633,0.16924,-0.059466,0.47127,0.088393,0.22093,0.0062353,0.32006,0.083561,-0.075282,-0.26908,0.019276,-0.062552,0.057586,-0.027815,0.10593,0.053191,0.13958,0.093339,0.057363,-0.07571,0.0474,0.031184,0.073109,0.014808,0.18582,0.050916,0.28126,-0.014786,-0.035219,-0.068599,0.22348,-0.035683,-0.076164,0.01657,-0.024048,0.060005,-0.0046026,-0.079549,-0.14998,-0.17835,-0.18871,-0.10503,-0.10171,0.061419,-0.19336,-0.10113,-0.13613,-0.076306,-0.089555,-0.082585,0.042278,-0.035304,-0.1445,-0.12696,-0.084131,-0.16392,-0.040046,0.02991
0.095086,0.08515,0.036118,0.26257,0.024149,0.11222,0.11955,0.45673,0.18255,0.35107,0.34477,0.69702,0.42893,1,0.30862,0.53015,0.0029324,0.036125,0.10354,0.12048,-0.026466,-0.05997,0.15367,0.28637,-0.059801,0.035171,0.010273,0.089135,0.13091,0.18014,0.030205,0.16359,0.026335,0.13331,-0.075029,-0.060895,-0.17991,-0.14286,-0.096998,-0.087123,0.030205,0.05088,-0.16186,-0.14275,-0.20028,-0.17653,-0.19068,-0.19556,-0.18169,-0.13029,-0.11501,-0.055361,-0.10436,-0.11741,-0.15167,-0.091993,-0.066413,-0.019885,-0.0061924,0.12281,0.19017,0.33884,0.085665,0.25738,0.088677,0.28034,-0.13043,-0.068432,-0.026342,-0.051203,-0.067603,0.024553,0.050954,0.083653,0.11609,0.11805,-0.042458,0.0044618,0.0029829,0.032096,0.025185,0.162,0.12706,0.17278,0.073911,0.30621,-0.032674,0.0011598,0.025947,0.12995,-0.059162,-0.094689,-0.0089352,-0.096044,-0.034265,-0.059484,-0.21302,-0.17011,-0.16083,-0.1814,-0.021779,-0.045401,-0.17205,-0.17665,-0.13117,-0.14978,-0.085715,-0.12547,-0.0061489,-0.022715,-0.12482,-0.1571,-0.1441,-0.17746,-0.069458,0.0082823
0.16441,0.02307,0.3791,0.09756,0.39203,0.2209,0.28957,0.034896,0.47441,0.27255,0.42024,0.14389,0.54101,0.30862,1,0.64587,0.056332,0.013863,0.31617,0.14901,0.26081,0.18622,0.49348,0.3359,0.25969,0.16737,0.36321,0.31258,0.22762,0.14098,0.2525,0.16672,0.075654,-0.049399,0.07932,-0.10683,0.0020035,-0.054667,0.09654,0.0576,0.18151,0.14657,-0.13267,-0.16178,-0.21156,-0.2419,-0.16629,-0.18783,-0.23721,-0.23461,-0.18547,-0.18078,-0.051126,0.0010206,-0.057167,-0.063631,0.0043771,-0.030617,-0.067939,-0.19774,0.12,-0.073726,0.16574,-0.0030886,0.29487,0.0075671,-0.17783,-0.33502,0.047276,-0.010315,0.15856,0.10423,0.13328,0.054003,0.14493,0.071433,-0.0023181,-0.1154,0.11441,0.11864,0.17625,0.16331,0.49451,0.26067,0.45459,0.25215,0.24572,0.20292,0.31387,0.16753,-0.046964,0.091626,0.031256,0.1813,0.036299,-0.016456,-0.1127,-0.12928,-0.19209,-0.065225,-0.070319,0.10861,-0.084561,0.03368,-0.084107,-0.01155,-0.045898,-0.073233,0.022906,-0.022194,-0.11724,-0.10533,-0.073144,-0.061114,-0.017729,0.051364
-0.029866,0.016233,0.10825,0.25355,0.28153,0.34437,0.075773,0.26036,0.29924,0.45229,0.19538,0.39186,0.26421,0.53015,0.64587,1,0.03546,0.04535,0.18726,0.18354,0.25907,0.25246,0.31134,0.41934,0.15411,0.22751,0.25175,0.32321,0.22492,0.29304,0.20757,0.28623,0.068315,0.12399,-0.014862,-0.048789,-0.057834,-0.029038,0.074954,0.15641,0.21078,0.25355,-0.1578,-0.17414,-0.21464,-0.21203,-0.17876,-0.17426,-0.26479,-0.23,-0.2359,-0.16116,-0.095005,-0.0091676,-0.056345,0.0055188,-0.096678,-0.046064,-0.1964,-0.11193,-0.018971,0.11383,0.11252,0.19573,0.096786,0.10646,-0.20543,-0.19334,0.0053326,0.00021542,0.057536,0.10743,0.097695,0.11927,0.14296,0.14457,-0.018009,0.0099529,0.098232,0.12012,0.1839,0.24484,0.46026,0.41594,0.25476,0.40064,0.17471,0.2229,0.19899,0.28884,0.044262,0.0070588,0.12807,0.073772,0.034977,0.019986,-0.12386,-0.13379,-0.12316,-0.12782,0.079267,0.048791,0.0061348,0.022808,-0.015218,-0.045408,0.009439,-0.054796,0.0043981,0.021707,-0.077913,-0.09684,-0.049528,-0.026007,-0.009483,0.045242
0.36261,0.44613,-0.1253,-0.13039,-0.11962,-0.13646,-0.14462,-0.12845,-0.12502,-0.12368,0.25938,0.18357,0.091228,0.0029324,0.056332,0.03546,1,0.80806,0.34579,0.42865,-0.048478,-0.055957,-0.12712,-0.16843,-0.1173,-0.13022,-0.073436,-0.066628,0.66568,0.65303,0.089915,0.041785,0.36776,0.32621,-0.25468,-0.27871,-0.13772,-0.13283,-0.071294,-0.03731,0.12846,0.1171,-0.18901,-0.13749,-0.061686,-0.024533,-0.15439,-0.13903,-0.097147,-0.12653,-0.19079,-0.16852,-0.10206,-0.097526,-0.169,-0.11747,0.56542,0.46247,-0.026401,-0.035454,0.021788,-0.034572,0.51136,0.36677,-0.20749,-0.2734,-0.20038,-0.19841,0.32746,0.25874,-0.15446,-0.17764,0.15324,0.23928,0.092211,0.15943,-0.11389,-0.12512,0.68107,0.64468,0.69088,0.52659,0.21845,0.33955,0.055267,-0.020784,-0.094698,-0.057157,-0.1171,-0.1271,-0.27736,-0.25757,-0.28954,-0.29817,0.022042,0.015357,-0.054151,-0.02393,-0.12561,-0.16942,-0.23772,-0.25258,-0.072656,-0.10999,-0.19593,-0.18699,-0.2262,-0.186,0.092385,-0.010252,-0.12053,-0.084441,-0.17984,-0.076997,-0.14041,0.0039911
0.31689,0.57454,-0.1496,-0.096695,-0.14569,-0.14291,-0.20594,-0.077859,-0.16115,-0.11089,0.16805,0.24122,-0.012043,0.036125,0.013863,0.04535,0.80806,1,0.32079,0.4637,-0.034906,-0.091242,-0.15233,-0.17143,-0.15657,-0.16059,-0.089682,-0.05307,0.56696,0.67979,0.010466,0.011014,0.30851,0.3153,-0.24372,-0.27584,-0.14959,-0.12916,-0.10172,-0.067759,0.11637,0.11605,-0.17146,-0.098136,-0.020692,0.033773,-0.12116,-0.08784,-0.066493,-0.076608,-0.18792,-0.11682,-0.10268,-0.064803,-0.1886,-0.081224,0.56627,0.59526,-0.033313,0.020149,-0.011386,0.013534,0.44869,0.45184,-0.20774,-0.25502,-0.19374,-0.17306,0.30409,0.27294,-0.1724,-0.1648,0.098335,0.23213,0.044783,0.12822,-0.14773,-0.12665,0.57943,0.66938,0.59461,0.59394,0.18936,0.37949,0.010457,0.0087724,-0.063162,-0.033991,-0.16466,-0.09267,-0.32363,-0.27514,-0.36711,-0.32349,0.0059807,-0.013221,-0.066486,-0.030336,-0.11336,-0.17863,-0.2834,-0.25812,-0.076874,-0.14603,-0.24287,-0.21997,-0.25094,-0.21069,0.029339,-0.029566,-0.10961,-0.098203,-0.21576,-0.1251,-0.1763,-0.02908
0.54193,0.46969,0.35683,0.22981,-0.0022122,-0.077787,0.23226,0.089659,0.08673,0.0051208,0.34725,0.17294,0.23493,0.10354,0.31617,0.18726,0.34579,0.32079,1,0.75481,-0.030668,-0.038077,0.30454,0.19769,0.043674,-0.011467,0.029834,0.0050109,0.32769,0.27154,0.24716,0.19211,0.39545,0.29163,-0.060011,-0.15512,-0.11178,-0.14902,-0.084813,-0.10495,0.087107,0.049175,-0.21417,-0.20147,-0.16473,-0.17074,-0.24043,-0.23661,-0.22607,-0.23652,-0.3287,-0.28013,-0.19831,-0.14499,-0.29581,-0.23197,0.38289,0.30977,-0.02393,-0.064634,0.065798,0.0043972,0.26097,0.12143,0.031846,-0.091629,-0.11655,-0.24668,0.48839,0.32557,0.026536,0.021223,0.28702,0.25722,0.19883,0.18709,0.047893,-0.016788,0.22193,0.25212,0.25741,0.24173,0.22109,0.17863,0.14001,0.017809,0.0004576,-0.034975,-0.020668,-0.078755,-0.14588,-0.055071,-0.11202,-0.043424,-0.0033148,-0.036064,-0.11502,-0.11696,-0.18703,-0.14606,-0.17378,-0.045294,-0.13748,-0.10277,-0.21905,-0.18156,-0.22641,-0.19507,-0.035006,0.0080267,-0.067447,-0.13277,-0.16813,-0.14381,-0.15379,-0.056744
0.44868,0.59353,0.1263,0.25982,-0.075071,-0.089456,0.065609,0.12732,-0.043086,-0.01962,0.19663,0.27204,0.049538,0.12048,0.14901,0.18354,0.42865,0.4637,0.75481,1,-0.080648,-0.092771,0.089158,0.10239,-0.072336,-0.066906,-0.062972,-0.067875,0.39647,0.42942,0.16431,0.15586,0.46406,0.45993,-0.16701,-0.17026,-0.19057,-0.18864,-0.14767,-0.14778,0.095029,0.082183,-0.24478,-0.21748,-0.13447,-0.10854,-0.25962,-0.24173,-0.18539,-0.20207,-0.32146,-0.251,-0.20442,-0.16473,-0.3005,-0.24415,0.42892,0.43113,-0.069509,0.0028466,-0.014066,0.052795,0.31998,0.32648,-0.13718,-0.16985,-0.10494,-0.12687,0.56244,0.5112,-0.079055,-0.06874,0.23308,0.31078,0.11756,0.1837,-0.02509,0.0070061,0.25937,0.29171,0.32635,0.3126,0.16258,0.24376,0.01843,0.037477,-0.12232,-0.083208,-0.12505,-0.11387,-0.18745,-0.16836,-0.1632,-0.18585,0.0043257,-0.036846,-0.10551,-0.12159,-0.16271,-0.22539,-0.16022,-0.13375,-0.11594,-0.1508,-0.2396,-0.23435,-0.25803,-0.19643,-0.036545,0.0033741,-0.071423,-0.13215,-0.19301,-0.13922,-0.18207,-0.068032
-0.12703,-0.10947,0.078631,0.014472,0.45718,0.37511,-0.056227,-0.086875,0.11726,0.087595,-0.083699,-0.12391,-0.08785,-0.026466,0.26081,0.25907,-0.048478,-0.034906,-0.030668,-0.080648,1,0.70062,0.12312,0.1153,0.36127,0.38499,0.43983,0.48206,-0.0064006,0.031497,0.17348,0.15196,-0.018203,-0.046779,0.086496,0.056553,0.25026,0.21818,0.43226,0.40654,0.2661,0.29313,-0.011347,-0.041979,-0.063107,-0.085348,-0.005213,0.011796,-0.0913,-0.086066,-0.048011,-0.016436,0.029619,0.10684,0.15259,0.16167,-0.11716,-0.11929,-0.11399,-0.12853,-0.12825,-0.15852,-0.081641,-0.11347,0.018494,-0.011319,-0.02959,-0.058121,-0.068685,-0.083945,0.21549,0.18948,0.061965,0.025113,0.10219,0.066506,-0.0014083,-0.024449,0.031111,0.05191,0.094196,0.069548,0.33227,0.27827,0.10123,0.12748,0.32452,0.33403,0.27916,0.24543,0.026124,0.1101,0.1101,0.17255,0.081616,0.091187,0.086443,0.049486,-0.026689,0.066312,0.092214,0.14598,0.11051,0.18392,0.13665,0.16163,0.068173,0.040725,0.026955,0.026278,0.050755,0.069529,0.086286,0.105,0.079351,0.083292
-0.15483,-0.13233,-0.017617,-0.0054865,0.41403,0.4317,-0.10226,-0.091245,0.084341,0.12947,-0.086112,-0.12485,-0.087622,-0.05997,0.18622,0.25246,-0.055957,-0.091242,-0.038077,-0.092771,0.70062,1,0.077607,0.092447,0.33665,0.3544,0.39051,0.48654,-0.048313,-0.019527,0.10753,0.083767,-0.061817,-0.050341,0.071359,0.088514,0.22052,0.21929,0.38637,0.45704,0.19757,0.29972,-0.038088,-0.066287,-0.081976,-0.098604,-0.018782,-0.0043166,-0.1001,-0.083214,-0.052777,-0.021435,0.021211,0.11575,0.16565,0.1864,-0.14892,-0.15873,-0.15459,-0.13372,-0.15646,-0.11637,-0.11349,-0.10438,-0.021958,0.012648,-0.056019,-0.058039,-0.076033,-0.096458,0.20503,0.19418,0.035492,0.023211,0.11228,0.1045,0.026124,0.0058534,-0.0096063,-0.001873,0.063162,0.034939,0.27816,0.25482,0.080177,0.12057,0.29598,0.35707,0.23082,0.26168,0.091163,0.066886,0.16027,0.15481,0.0673,0.080663,0.095613,0.050272,0.0012798,0.033429,0.13912,0.1242,0.14757,0.19752,0.15705,0.12249,0.10107,0.054503,0.023024,0.039121,0.051374,0.047732,0.088335,0.13163,0.068516,0.04932
0.064211,-0.039295,0.70008,0.4191,0.31564,0.11341,0.4521,0.15194,0.37148,0.15665,0.15249,-0.065471,0.32243,0.15367,0.49348,0.31134,-0.12712,-0.15233,0.30454,0.089158,0.12312,0.077607,1,0.7991,0.56466,0.45892,0.40061,0.29159,-0.097439,-0.16308,0.51059,0.46698,0.15594,0.023763,0.4535,0.25603,0.095977,-0.016997,0.06793,-0.0044625,0.1055,0.058951,-0.050817,-0.10395,-0.13237,-0.22934,-0.15951,-0.15608,-0.22347,-0.24631,-0.16397,-0.18588,-0.10154,-0.03577,-0.1422,-0.14647,-0.081492,-0.12687,-0.11169,-0.20474,0.023675,-0.055661,-0.10203,-0.24256,0.59702,0.30655,0.061285,-0.14663,0.085689,0.01241,0.19766,0.1752,0.16075,0.052256,0.15432,0.083853,0.11084,-0.0017361,-0.0048126,0.0077873,-0.065981,0.033101,0.2216,0.036045,0.45727,0.27069,0.23246,0.22232,0.18899,0.052874,0.092249,0.23032,0.18685,0.29805,0.0072797,-0.035248,-0.069718,-0.12215,-0.18045,-0.060375,-0.11061,0.10467,-0.20833,-0.13554,-0.0068148,0.079761,-0.09449,-0.101,0.024309,0.048614,0.012647,-0.075204,-0.094202,-0.08476,0.055512,0.037173
-0.048256,-0.033288,0.55047,0.63119,0.24667,0.20599,0.31183,0.34095,0.26681,0.27375,-0.030775,0.063766,0.10052,0.28637,0.3359,0.41934,-0.16843,-0.17143,0.19769,0.10239,0.1153,0.092447,0.7991,1,0.47991,0.52848,0.35237,0.31867,-0.14726,-0.13938,0.40845,0.50037,0.11313,0.10939,0.37587,0.31676,0.069244,0.0092207,0.051012,0.039299,0.12697,0.10878,-0.075937,-0.12395,-0.14163,-0.19528,-0.17687,-0.15378,-0.21305,-0.229,-0.15838,-0.13583,-0.10991,-0.048044,-0.14176,-0.11692,-0.11607,-0.1292,-0.17463,-0.097809,-0.068037,0.092155,-0.1279,-0.12755,0.48501,0.46024,0.051214,-0.0086539,0.050235,0.022703,0.14937,0.19479,0.1005,0.03185,0.077346,0.041263,0.043162,0.028935,-0.027595,-0.039153,-0.067146,0.075919,0.18061,0.08181,0.3671,0.44181,0.23756,0.28776,0.12087,0.12994,0.13454,0.16319,0.24843,0.21391,-0.0012684,-0.01774,-0.10753,-0.11284,-0.16096,-0.11349,-0.021787,0.062554,-0.16578,-0.14128,0.037704,0.05399,-0.073747,-0.10738,0.0068382,0.045301,0.0016387,-0.091751,-0.10998,-0.086148,0.03832,0.021048
-0.077075,-0.097491,0.39502,0.16794,0.44837,0.25209,0.096997,-0.099135,0.23886,0.060768,-0.12655,-0.29212,0.011241,-0.059801,0.25969,0.15411,-0.1173,-0.15657,0.043674,-0.072336,0.36127,0.33665,0.56466,0.47991,1,0.78489,0.63189,0.51292,-0.19036,-0.18885,0.42525,0.33946,0.11463,0.0045699,0.51829,0.36811,0.23645,0.18221,0.27005,0.23842,0.11588,0.13757,0.089053,0.033262,0.016455,-0.087193,0.0093019,0.023601,-0.068112,-0.091979,0.027448,-0.012709,0.030379,0.09937,0.056946,0.030843,-0.092831,-0.14791,-0.12205,-0.1952,-0.13779,-0.20767,-0.26835,-0.34024,0.39288,0.24024,0.13027,-0.017314,0.037824,0.0023365,0.17684,0.13424,0.0011412,-0.074975,0.023866,-0.052089,0.028951,-0.04427,-0.01225,-0.0030036,-0.038269,0.0064318,0.20006,0.059956,0.27452,0.19852,0.23615,0.2351,0.15449,0.066802,0.056729,0.17009,0.11897,0.21547,-0.0079335,-0.0023887,0.030427,-0.028753,-0.13929,-0.016175,-0.10987,0.033838,-0.16757,-0.097762,0.030692,0.094048,-0.022689,-0.041576,-0.012166,-0.0047569,0.056676,-0.036694,-0.044306,-0.027997,0.017848,-0.00073497
-0.13808,-0.11157,0.30996,0.34823,0.40094,0.39352,0.10455,0.13391,0.24701,0.23741,-0.19511,-0.17077,-0.089937,0.035171,0.16737,0.22751,-0.13022,-0.16059,-0.011467,-0.066906,0.38499,0.3544,0.45892,0.52848,0.78489,1,0.50507,0.49893,-0.13384,-0.10425,0.43753,0.47389,0.14372,0.14841,0.43679,0.4075,0.19425,0.14882,0.25483,0.24843,0.11346,0.13907,0.031792,-0.0079743,-0.01058,-0.081306,-0.036408,-0.00037105,-0.099516,-0.12444,-0.035637,-0.017881,-0.03436,0.055183,0.0031946,0.0009873,-0.13356,-0.15855,-0.14526,-0.11116,-0.1165,-0.033223,-0.25135,-0.22939,0.31532,0.33288,0.12959,0.098297,0.0027096,-0.013665,0.15414,0.18139,9.2066e-05,-0.049051,0.0046982,-0.026149,0.030742,0.023172,-0.011678,0.017936,-0.025624,0.025074,0.15094,0.096466,0.14374,0.22887,0.20152,0.23327,0.090179,0.095276,0.089792,0.108,0.16532,0.15248,-0.00177,0.012078,0.019894,-0.038926,-0.1145,-0.054062,0.00052578,0.019912,-0.10668,-0.090107,0.071984,0.081237,-0.0092236,-0.037003,-0.011517,0.0082155,0.056525,-0.03735,-0.039905,-0.024946,0.0286,0.018396
0.010799,-0.020612,0.28531,0.058956,0.49023,0.31869,0.0046263,-0.16516,0.21736,0.11251,-0.016512,-0.20539,0.079182,0.010273,0.36321,0.25175,-0.073436,-0.089682,0.029834,-0.062972,0.43983,0.39051,0.40061,0.35237,0.63189,0.50507,1,0.72674,-0.19139,-0.17941,0.13827,0.093725,-0.040572,-0.13716,0.31583,0.17809,0.21127,0.15653,0.2844,0.29874,0.17582,0.19708,0.018298,-0.011199,-0.058907,-0.11642,-0.032854,-0.025158,-0.079148,-0.082479,0.044641,0.035966,0.080817,0.12532,0.11221,0.12114,-0.01065,-0.071437,-0.072109,-0.16242,-0.091405,-0.20283,-0.17336,-0.26846,0.30353,0.18477,0.019535,-0.11382,0.049972,-0.0060492,0.133,0.058039,-0.058738,-0.11648,-0.039947,-0.088059,-0.075348,-0.14673,0.025862,0.023614,0.021209,0.058455,0.26488,0.11306,0.35639,0.26782,0.33498,0.33603,0.28815,0.20944,-0.012313,0.097515,0.080698,0.19982,0.046062,0.056134,0.0062688,-0.023682,-0.18813,-0.064903,-0.07437,0.078918,-0.09435,0.0092016,0.022115,0.069527,-0.022195,-0.021014,0.00082571,0.005861,-0.011927,-0.079741,-0.053622,-0.029376,-0.0028042,0.011808
-0.037916,-0.0085394,0.18041,0.098903,0.46048,0.49908,-0.055871,-0.058129,0.22335,0.21748,-0.060734,-0.095545,0.0094968,0.089135,0.31258,0.32321,-0.066628,-0.05307,0.0050109,-0.067875,0.48206,0.48654,0.29159,0.31867,0.51292,0.49893,0.72674,1,-0.1703,-0.11653,0.072074,0.092445,-0.085331,-0.11232,0.2082,0.13493,0.17284,0.16334,0.2995,0.34159,0.15559,0.2208,-0.025887,-0.041986,-0.074236,-0.096367,-0.050188,-0.018682,-0.094462,-0.062877,0.0052326,0.048463,0.048281,0.12159,0.10112,0.15628,-0.04369,-0.043723,-0.072132,-0.080915,-0.068009,-0.097735,-0.13925,-0.16351,0.21241,0.20457,-0.019058,-0.075197,0.0040565,-0.036257,0.085956,0.083272,-0.069976,-0.11969,-0.014027,-0.061637,-0.11113,-0.15008,0.0030949,0.04132,0.024946,0.11258,0.26434,0.18171,0.25676,0.31229,0.32648,0.37585,0.25466,0.29671,0.0016031,0.064086,0.089,0.16116,0.072237,0.062057,0.00042084,-0.018002,-0.15341,-0.055162,-0.0065281,0.072678,-0.0061785,0.05584,0.06327,0.08862,0.037972,-0.0021762,0.030707,0.0038703,-0.041242,-0.077662,-0.055008,0.023774,0.035147,0.061377
0.18485,0.20963,-0.066524,-0.04307,-0.076983,-0.068123,0.057721,0.08304,-0.013995,-0.017236,0.29291,0.33502,0.18478,0.13091,0.22762,0.22492,0.66568,0.56696,0.32769,0.39647,-0.0064006,-0.048313,-0.097439,-0.14726,-0.19036,-0.13384,-0.19139,-0.1703,1,0.83915,0.29862,0.25069,0.39516,0.42256,-0.29855,-0.28855,-0.089629,-0.083911,-0.075959,-0.03731,0.20007,0.1725,-0.21933,-0.17834,-0.14937,-0.12346,-0.20151,-0.1927,-0.19505,-0.23462,-0.28824,-0.24156,-0.18443,-0.15514,-0.17483,-0.14163,0.24851,0.20925,-0.079486,-0.079522,0.044635,0.043741,0.48717,0.44848,-0.28433,-0.32136,-0.19988,-0.17669,0.11543,0.086578,-0.0062669,-0.0018549,0.30919,0.37372,0.20661,0.2594,0.068415,0.052123,0.49842,0.45657,0.54187,0.36967,0.29686,0.35563,-0.078138,-0.095834,-0.11463,-0.12378,-0.088754,-0.11798,-0.18651,-0.19298,-0.22847,-0.24123,0.04873,0.041742,-0.041451,-0.043331,-0.038266,-0.10878,-0.10242,-0.14966,0.037544,-0.023013,-0.11156,-0.11706,-0.12937,-0.12701,0.11574,0.017364,-0.068295,-0.020374,-0.074591,-0.022358,-0.03863,0.071897
0.11868,0.29054,-0.1773,-0.0061491,-0.097536,-0.02911,-0.079746,0.12989,-0.071597,0.048732,0.16421,0.3912,0.04279,0.18014,0.14098,0.29304,0.65303,0.67979,0.27154,0.42942,0.031497,-0.019527,-0.16308,-0.13938,-0.18885,-0.10425,-0.17941,-0.11653,0.83915,1,0.24996,0.24896,0.38105,0.46691,-0.30058,-0.25824,-0.10343,-0.033932,-0.064897,-0.018448,0.1871,0.22754,-0.20703,-0.15786,-0.10697,-0.062691,-0.15843,-0.1378,-0.15927,-0.18085,-0.27983,-0.2198,-0.15333,-0.1183,-0.1593,-0.10695,0.26403,0.30192,-0.10838,-0.018619,-0.025774,0.10012,0.43909,0.52316,-0.32236,-0.31198,-0.22588,-0.13695,0.13184,0.14484,-0.036202,-0.017789,0.23833,0.38583,0.1468,0.23198,0.016776,0.063396,0.5205,0.53345,0.57357,0.47522,0.28603,0.44838,-0.11398,-0.048022,-0.11644,-0.081546,-0.11938,-0.086395,-0.18451,-0.20571,-0.23019,-0.27292,0.045421,0.03459,-0.022636,-0.022926,-0.011483,-0.12821,-0.094571,-0.17067,0.071242,-0.028754,-0.13495,-0.14512,-0.13205,-0.11439,0.059956,0.012152,-0.052627,-0.020815,-0.080626,-0.018767,-0.063544,0.025503
-0.070177,-0.096509,0.39744,0.28237,0.15156,0.03148,0.33625,0.1428,0.13954,0.04025,0.034226,-0.052219,0.099251,0.030205,0.2525,0.20757,0.089915,0.010466,0.24716,0.16431,0.17348,0.10753,0.51059,0.40845,0.42525,0.43753,0.13827,0.072074,0.29862,0.24996,1,0.84112,0.46278,0.40595,0.26351,0.19912,0.084873,0.019417,0.035737,-0.0082602,0.073843,0.056441,-0.046665,-0.090195,-0.084715,-0.17325,-0.15767,-0.15353,-0.21379,-0.29749,-0.27345,-0.30059,-0.23435,-0.18683,-0.2153,-0.23364,-0.12342,-0.17173,-0.2047,-0.2576,-0.072477,-0.054663,-0.0056002,-0.071035,0.21365,0.072533,0.044641,-0.052494,0.0065574,-0.027271,0.30439,0.28749,0.33792,0.28151,0.29164,0.25064,0.29379,0.22742,0.14445,0.14478,0.083935,0.047096,0.17063,0.061035,0.034,-0.036957,-0.072362,-0.042813,-0.051999,-0.15621,0.06352,0.11049,0.082466,0.10475,0.058504,0.052711,0.0814,-0.016067,-0.027946,-0.0075569,-0.032899,0.028086,-0.064909,-0.066727,0.056613,0.098932,-0.01543,-0.0053259,0.11456,0.10404,0.12503,0.058602,0.0040962,0.038845,0.11667,0.085805
-0.13978,-0.067143,0.30112,0.4337,0.1115,0.077332,0.2608,0.3345,0.11738,0.16955,-0.052591,0.080507,-0.0037129,0.16359,0.16672,0.28623,0.041785,0.011014,0.19211,0.15586,0.15196,0.083767,0.46698,0.50037,0.33946,0.47389,0.093725,0.092445,0.25069,0.24896,0.84112,1,0.39807,0.48676,0.23793,0.2319,0.029251,-0.01798,-0.01488,-0.038087,0.057931,0.04377,-0.086397,-0.11304,-0.1148,-0.18017,-0.20302,-0.17211,-0.26062,-0.31063,-0.32871,-0.28621,-0.28762,-0.20133,-0.29083,-0.25233,-0.16615,-0.15211,-0.23964,-0.17727,-0.087301,0.12003,-0.035407,0.029621,0.19787,0.22733,0.03019,0.0042525,0.0009256,-0.029613,0.23572,0.32469,0.30037,0.26803,0.27023,0.2529,0.24923,0.23681,0.11151,0.13412,0.050195,0.095269,0.11616,0.07864,-0.0071242,0.081154,-0.055104,-0.026236,-0.11472,-0.10438,0.074655,0.064032,0.089737,0.071165,0.032541,0.036515,0.016538,-0.063661,-0.051001,-0.070651,-0.014501,-0.00024298,-0.077676,-0.10214,0.056346,0.061925,-0.023824,-0.050027,0.097358,0.086354,0.10605,0.0278,-0.017989,0.0056013,0.10009,0.080299
0.17042,0.22529,0.14984,0.13614,-0.03378,-0.11419,0.15761,0.083971,-0.020437,-0.08152,0.092053,0.071592,0.054155,0.026335,0.075654,0.068315,0.36776,0.30851,0.39545,0.46406,-0.018203,-0.061817,0.15594,0.11313,0.11463,0.14372,-0.040572,-0.085331,0.39516,0.38105,0.46278,0.39807,1,0.82043,0.19763,0.15297,-0.12084,-0.14082,-0.040933,-0.07176,0.066303,0.050977,-0.17962,-0.18043,-0.07887,-0.13021,-0.25658,-0.25271,-0.22806,-0.30944,-0.3297,-0.32814,-0.31969,-0.30772,-0.31501,-0.3182,0.22211,0.16952,-0.068091,-0.11728,0.099989,0.064569,0.28565,0.22732,0.068719,-0.0085725,0.1868,0.096254,0.35259,0.33076,-0.026038,-0.029623,0.22806,0.25133,0.15904,0.16637,0.12962,0.094298,0.28441,0.30515,0.29833,0.2586,0.13068,0.16651,0.031544,-0.0065192,-0.138,-0.11305,-0.13952,-0.24307,-0.22742,-0.19377,-0.17869,-0.18022,0.0061026,-0.054408,-0.090024,-0.12828,-0.26185,-0.29232,-0.20612,-0.16937,-0.2125,-0.22386,-0.18604,-0.13546,-0.23818,-0.1963,-0.037637,-0.017571,-0.060005,-0.16364,-0.20811,-0.12583,-0.13907,-0.021251
0.027304,0.20797,-0.016959,0.25408,-0.082263,-0.030522,0.071231,0.29272,-0.054682,0.050806,-0.018416,0.2245,-0.066951,0.13331,-0.049399,0.12399,0.32621,0.3153,0.29163,0.45993,-0.046779,-0.050341,0.023763,0.10939,0.0045699,0.14841,-0.13716,-0.11232,0.42256,0.46691,0.40595,0.48676,0.82043,1,0.11934,0.1875,-0.16767,-0.1405,-0.10745,-0.063643,0.040244,0.04935,-0.21068,-0.19255,-0.1089,-0.1243,-0.27749,-0.25969,-0.26248,-0.31254,-0.37032,-0.31467,-0.34519,-0.30079,-0.35034,-0.31947,0.11606,0.14835,-0.11975,-0.016361,0.068932,0.27247,0.25429,0.39775,-0.040036,0.086483,0.11431,0.1655,0.26063,0.27834,-0.063417,0.0047211,0.21191,0.2856,0.14239,0.20197,0.11495,0.15639,0.25915,0.29199,0.27439,0.26617,0.061504,0.18845,-0.1251,0.0056116,-0.1948,-0.16031,-0.20814,-0.1807,-0.16375,-0.22048,-0.10539,-0.20171,-0.022696,-0.054105,-0.11497,-0.16421,-0.1867,-0.30891,-0.089311,-0.16114,-0.12212,-0.19159,-0.1363,-0.15399,-0.18341,-0.19537,-0.0462,-0.024954,-0.039675,-0.12971,-0.16806,-0.099463,-0.13647,-0.030484
-0.16464,-0.1992,0.30273,0.1053,0.15354,0.037248,0.11836,-0.06879,0.09435,-0.014065,-0.14917,-0.29316,0.00094079,-0.075029,0.07932,-0.014862,-0.25468,-0.24372,-0.060011,-0.16701,0.086496,0.071359,0.4535,0.37587,0.51829,0.43679,0.31583,0.2082,-0.29855,-0.30058,0.26351,0.23793,0.19763,0.11934,1,0.82094,0.22584,0.13647,0.16125,0.082059,0.024929,-0.003961,0.078057,0.023511,0.017673,-0.097396,-0.025704,-0.0075829,-0.12728,-0.17576,-0.060312,-0.11165,-0.10071,-0.05793,-0.054824,-0.090628,-0.18822,-0.24134,-0.092261,-0.20145,-0.021451,-0.08446,-0.30002,-0.3418,0.54886,0.36885,0.3408,0.20498,-0.040595,-0.043195,0.099874,0.073343,-0.022436,-0.098267,0.018332,-0.045092,0.18002,0.1314,-0.12162,-0.092646,-0.16506,-0.085023,0.050059,-0.053733,0.2535,0.1057,0.17278,0.13266,0.036316,-0.050365,0.057645,0.12831,0.12479,0.18088,-0.0232,-0.064678,0.026591,-0.052679,-0.14306,-0.049915,-0.070769,0.020036,-0.15849,-0.1269,0.0096505,0.051776,-0.021927,-0.071996,-0.13865,0.017124,0.11931,-0.060341,-0.074535,-0.092756,-0.024904,-0.081846
-0.27293,-0.25921,0.12779,0.16318,0.068018,0.08273,0.031633,0.038366,-0.0018096,0.028857,-0.27747,-0.2322,-0.1595,-0.060895,-0.10683,-0.048789,-0.27871,-0.27584,-0.15512,-0.17026,0.056553,0.088514,0.25603,0.31676,0.36811,0.4075,0.17809,0.13493,-0.28855,-0.25824,0.19912,0.2319,0.15297,0.1875,0.82094,1,0.24881,0.2187,0.15984,0.11524,0.023648,0.020874,0.070212,0.019887,0.01014,-0.067669,-0.0092473,0.026118,-0.12579,-0.16633,-0.084169,-0.11083,-0.12314,-0.09312,-0.042938,-0.071737,-0.26041,-0.29674,-0.14915,-0.12575,-0.10628,-0.0039532,-0.32764,-0.27645,0.35583,0.38286,0.34242,0.37426,-0.089281,-0.030467,0.096586,0.096331,-0.025322,-0.055874,7.7429e-05,-0.031041,0.22305,0.24997,-0.15524,-0.16188,-0.188,-0.11994,-0.0061349,-0.04592,0.073337,0.078244,0.10129,0.089144,-0.028105,-0.037225,0.15296,0.12465,0.20874,0.12614,-0.044343,-0.059003,0.057777,0.0025117,-0.031557,-0.020936,0.041957,0.021679,-0.061916,-0.085643,0.077423,0.071218,0.034241,-0.023851,-0.17026,0.050128,0.21335,0.024593,-0.011048,-0.048535,0.0063451,-0.10847
-0.17711,-0.19306,0.11223,-0.061232,0.028903,-0.00026359,-0.026083,-0.16666,-0.01443,-0.070015,-0.22576,-0.28094,-0.12235,-0.17991,0.0020035,-0.057834,-0.13772,-0.14959,-0.11178,-0.19057,0.25026,0.22052,0.095977,0.069244,0.23645,0.19425,0.21127,0.17284,-0.089629,-0.10343,0.084873,0.029251,-0.12084,-0.16767,0.22584,0.24881,1,0.74474,0.4787,0.39407,0.44966,0.35609,0.054688,-0.0066263,-0.082695,-0.13786,0.088965,0.1235,-0.08035,-0.098614,-0.0039133,-0.041529,0.082332,0.090837,0.21784,0.17436,-0.16448,-0.20719,-0.11201,-0.17677,-0.19269,-0.24756,-0.28641,-0.34241,0.054014,-0.017999,0.015238,-0.026016,-0.06954,-0.092345,0.30729,0.27643,0.066519,0.0004762,-0.060102,-0.10766,0.26921,0.23066,-0.090409,-0.11127,-0.099151,-0.10476,0.073098,0.016639,0.01058,-0.055102,0.27501,0.20647,0.14804,0.093682,0.26111,0.34905,0.1658,0.23651,0.052593,0.11787,0.29322,0.26284,0.23378,0.28569,0.069044,0.14821,0.18902,0.16683,0.17157,0.20498,0.14046,0.13857,-0.063173,0.16766,0.3272,0.26163,0.18826,0.15819,0.16096,-0.019226
-0.22977,-0.18714,-0.030801,-0.08799,0.037691,0.035701,-0.11528,-0.13437,-0.071458,-0.046474,-0.24647,-0.21904,-0.17848,-0.14286,-0.054667,-0.029038,-0.13283,-0.12916,-0.14902,-0.18864,0.21818,0.21929,-0.016997,0.0092207,0.18221,0.14882,0.15653,0.16334,-0.083911,-0.033932,0.019417,-0.01798,-0.14082,-0.1405,0.13647,0.2187,0.74474,1,0.38238,0.41586,0.31148,0.41479,0.015505,-0.027241,-0.090566,-0.12112,0.047057,0.096398,-0.095824,-0.097476,-0.027314,-0.036575,0.060729,0.064595,0.18168,0.14565,-0.18726,-0.17871,-0.14202,-0.13234,-0.22798,-0.17698,-0.25661,-0.24605,-0.020141,-0.019314,-0.020021,0.0054688,-0.083487,-0.073345,0.25801,0.24635,0.0068382,-0.0067347,-0.079523,-0.13475,0.22446,0.25563,-0.11179,-0.12426,-0.11506,-0.096329,0.050555,0.039864,-0.044627,-0.012688,0.20138,0.20992,0.099111,0.12,0.28156,0.31585,0.20873,0.19284,0.042881,0.12848,0.26856,0.25476,0.25998,0.25576,0.12129,0.13281,0.23443,0.19829,0.20978,0.20419,0.14598,0.16173,-0.065245,0.13569,0.29821,0.27236,0.22817,0.19994,0.17262,-0.018162
-0.13707,-0.12523,0.05732,-0.055807,0.21868,0.18504,-0.058581,-0.1396,0.013968,-0.030615,-0.12295,-0.17727,-0.089119,-0.096998,0.09654,0.074954,-0.071294,-0.10172,-0.084813,-0.14767,0.43226,0.38637,0.06793,0.051012,0.27005,0.25483,0.2844,0.2995,-0.075959,-0.064897,0.035737,-0.01488,-0.040933,-0.10745,0.16125,0.15984,0.4787,0.38238,1,0.66982,0.35177,0.28732,0.037925,0.023818,-0.047149,-0.074281,0.10003,0.082381,-0.11233,-0.09407,-0.003951,-0.00010705,0.045236,0.088264,0.3791,0.31115,-0.10935,-0.13788,-0.087764,-0.13801,-0.12889,-0.2001,-0.1861,-0.23173,0.043995,0.0064924,0.0327,0.024512,-0.078223,-0.075986,0.064325,0.032044,0.0026984,-0.043182,0.11289,0.050663,0.070882,0.059756,0.026674,0.010459,0.049016,0.0034748,0.276,0.19252,0.10651,0.080763,0.42472,0.36034,0.38039,0.25075,-0.00061352,0.068961,0.081645,0.14723,0.20949,0.21012,0.2971,0.24849,-0.035688,0.041215,0.098586,0.14629,0.1095,0.17079,0.12812,0.14226,0.092249,0.046901,0.028295,0.19353,0.1692,0.069339,0.085576,0.10363,0.060343,0.062841
