ns_k_11
Thresh = 0.05
Topics
Classifier: GradientBoostingClassifier(init=None, learning_rate=0.1, loss=deviance,
              max_depth=3, max_features=None, min_samples_leaf=1,
              min_samples_split=2, n_estimators=100, random_state=None,
              subsample=1.0, verbose=0)

../clfs/../results/ns_k_11_GB_topics_reduced_thresh_0.05.pkl
Overall accuracy above baseline: 0.079424696151
Mask averages
[0.084984233598466297, 0.073124463790537775, 0.081802662520883709, 0.065213056883880086, 0.075841415095620326, 0.096332863413654851, 0.069263618353088002, 0.091293185097445648, 0.049665151406865192, 0.10471960551889921, 0.081431401981933257]
Making average map...
Made../results/ns_k_11_GB_topics_reduced_thresh_0.05_AvgClass.nii.gz
Made../results/ns_k_11_GB_topics_reduced_thresh_0.05imps_shannons_0.nii.gz
Made../results/ns_k_11_GB_topics_reduced_thresh_0.05imps_var_0.nii.gz
Made../results/ns_k_11_GB_topics_reduced_thresh_0.05imps_cor_0.nii.gz
Made../results/ns_k_11_GB_topics_reduced_thresh_0.05clf_shannons_0.nii.gz

[0;34mIn [[1;34m2[0;34m]: [0mipdb> [array([ 0.        ,  2.96691068,  3.00938734,  3.10425   ,  3.04320862,
        2.97224213,  3.0357496 ,  3.05377194,  2.99376461,  2.96931607,
        3.09526134]), array([ 2.96691068,  0.        ,  2.96887388,  2.97762687,  2.97781446,
        2.93352501,  3.00021999,  2.95380243,  3.04328454,  2.94283936,
        3.0214677 ]), array([ 3.00938734,  2.96887388,  0.        ,  3.0380181 ,  2.90723678,
        2.98131912,  3.07860472,  2.95237446,  3.01393099,  2.92362231,
        2.96003819]), array([ 3.10425   ,  2.97762687,  3.0380181 ,  0.        ,  2.99231004,
        2.99259288,  2.97233288,  3.02868765,  2.92966005,  2.92625487,
        2.96718457]), array([ 3.04320862,  2.97781446,  2.90723678,  2.99231004,  0.        ,
        2.955808  ,  3.06406483,  2.93941577,  2.87771844,  2.92926091,
        2.96499151]), array([ 2.97224213,  2.93352501,  2.98131912,  2.99259288,  2.955808  ,
        0.        ,  3.07679809,  3.03706081,  2.93849649,  3.01563873,
        3.07456037]), array([ 3.0357496 ,  3.00021999,  3.07860472,  2.97233288,  3.06406483,
        3.07679809,  0.        ,  3.01648609,  3.09503523,  3.0042252 ,
        2.95625906]), array([ 3.05377194,  2.95380243,  2.95237446,  3.02868765,  2.93941577,
        3.03706081,  3.01648609,  0.        ,  3.02927923,  3.06668225,
        3.06943929]), array([ 2.99376461,  3.04328454,  3.01393099,  2.92966005,  2.87771844,
        2.93849649,  3.09503523,  3.02927923,  0.        ,  2.85620963,
        3.10507142]), array([ 2.96931607,  2.94283936,  2.92362231,  2.92625487,  2.92926091,
        3.01563873,  3.0042252 ,  3.06668225,  2.85620963,  0.        ,
        3.02683039]), array([ 3.09526134,  3.0214677 ,  2.96003819,  2.96718457,  2.96499151,
        3.07456037,  2.95625906,  3.06943929,  3.10507142,  3.02683039,  0.        ])]
ipdb> 11
ipdb> array([[ 0.        ,  2.96691068,  3.00938734,  3.10425   ,  3.04320862,
         2.97224213,  3.0357496 ,  3.05377194,  2.99376461,  2.96931607,
         3.09526134],
       [ 2.96691068,  0.        ,  2.96887388,  2.97762687,  2.97781446,
         2.93352501,  3.00021999,  2.95380243,  3.04328454,  2.94283936,
         3.0214677 ],
       [ 3.00938734,  2.96887388,  0.        ,  3.0380181 ,  2.90723678,
         2.98131912,  3.07860472,  2.95237446,  3.01393099,  2.92362231,
         2.96003819],
       [ 3.10425   ,  2.97762687,  3.0380181 ,  0.        ,  2.99231004,
         2.99259288,  2.97233288,  3.02868765,  2.92966005,  2.92625487,
         2.96718457],
       [ 3.04320862,  2.97781446,  2.90723678,  2.99231004,  0.        ,
         2.955808  ,  3.06406483,  2.93941577,  2.87771844,  2.92926091,
         2.96499151],
       [ 2.97224213,  2.93352501,  2.98131912,  2.99259288,  2.955808  ,
         0.        ,  3.07679809,  3.03706081,  2.93849649,  3.01563873,
         3.07456037],
       [ 3.0357496 ,  3.00021999,  3.07860472,  2.97233288,  3.06406483,
         3.07679809,  0.        ,  3.01648609,  3.09503523,  3.0042252 ,
         2.95625906],
       [ 3.05377194,  2.95380243,  2.95237446,  3.02868765,  2.93941577,
         3.03706081,  3.01648609,  0.        ,  3.02927923,  3.06668225,
         3.06943929],
       [ 2.99376461,  3.04328454,  3.01393099,  2.92966005,  2.87771844,
         2.93849649,  3.09503523,  3.02927923,  0.        ,  2.85620963,
         3.10507142],
       [ 2.96931607,  2.94283936,  2.92362231,  2.92625487,  2.92926091,
         3.01563873,  3.0042252 ,  3.06668225,  2.85620963,  0.        ,
         3.02683039],
       [ 3.09526134,  3.0214677 ,  2.96003819,  2.96718457,  2.96499151,
         3.07456037,  2.95625906,  3.06943929,  3.10507142,  3.02683039,
         0.        ]])
ipdb> (11, 11)
ipdb> (11, 11)
ipdb> 

[0;34mIn [[1;34m3[0;34m]: [0m