1.000000000000000000e+00 6.328219484849852972e-01 6.258655069565182139e-01 4.832646391333281777e-01 6.301397674076273381e-01 7.339650869879438266e-01 6.253262650129338684e-01 6.083926407467593611e-01 3.624393532222432435e-01 3.552938857099233183e-01 5.689804669510124535e-01 5.636795854812284290e-01 6.068895032118908350e-01 8.477940221229934847e-01 3.894697059447884691e-01 5.407536525641130076e-01 6.375307412362114512e-01 6.696512429374655850e-01 6.236225331854593490e-01 2.809804542747950662e-01
6.328219484849852972e-01 1.000000000000000000e+00 7.798673114281973184e-01 6.652944709374682963e-01 5.432462815213660035e-01 6.712427463611255751e-01 4.617695293185664074e-01 6.244211346870307544e-01 4.684418506723401765e-01 3.708737901732950260e-01 4.748390543061931646e-01 6.924147104205595760e-01 7.327317098258012695e-01 6.274950304798837530e-01 4.602283888964007752e-01 5.238768939733783325e-01 4.552533424216633207e-01 4.895217342213188383e-01 6.382029056808965484e-01 3.456689622239982884e-01
6.258655069565182139e-01 7.798673114281973184e-01 1.000000000000000000e+00 7.558926261228573473e-01 6.686519089294002960e-01 7.115298773009018918e-01 5.015879085039818275e-01 7.201898582255129577e-01 5.177840553635197907e-01 4.519335463800369657e-01 6.139679591302021899e-01 6.112324575517821268e-01 7.089762309377968252e-01 6.279027076364388504e-01 5.447840057479389486e-01 6.264247464842344071e-01 4.822410761509102750e-01 5.075010491351346076e-01 7.718503928349484955e-01 4.424306656930873105e-01
4.832646391333281777e-01 6.652944709374682963e-01 7.558926261228573473e-01 1.000000000000000000e+00 5.413954578403179507e-01 5.521104694752603237e-01 3.624428398533831586e-01 6.054069188330971629e-01 5.043828702446974122e-01 3.697210307528867035e-01 4.941694959769172835e-01 5.679352668103373469e-01 6.704928079440556354e-01 5.115124918732809611e-01 5.409055323470848275e-01 4.929978817087785625e-01 3.659560672488013644e-01 3.999699568038714848e-01 6.495813036954943831e-01 3.937045146833563769e-01
6.301397674076273381e-01 5.432462815213660035e-01 6.686519089294002960e-01 5.413954578403179507e-01 1.000000000000000000e+00 6.178369641381603605e-01 4.448352916821821657e-01 5.859527733146737694e-01 5.655148114088945910e-01 4.633205529956099245e-01 7.643528245432013035e-01 4.996224025189174855e-01 7.102255996770980850e-01 6.856482321649610689e-01 6.248275068071876825e-01 6.643794304000611994e-01 3.970544325411772268e-01 4.797838963431959591e-01 7.960353678431885127e-01 4.213549680727475266e-01
7.339650869879438266e-01 6.712427463611255751e-01 7.115298773009018918e-01 5.521104694752603237e-01 6.178369641381603605e-01 1.000000000000000000e+00 6.645642232587206655e-01 8.024369512006086502e-01 5.155150264198734567e-01 5.136446765632647349e-01 5.428303657098338952e-01 6.892884040661927392e-01 6.573388698270845598e-01 8.193298381809451802e-01 4.250236273413346422e-01 6.916162429150797264e-01 6.785581995835104907e-01 7.035406974998892338e-01 6.157708763324509782e-01 4.270636517898927509e-01
6.253262650129338684e-01 4.617695293185664074e-01 5.015879085039818275e-01 3.624428398533831586e-01 4.448352916821821657e-01 6.645642232587206655e-01 1.000000000000000000e+00 6.292742465056663237e-01 3.681160591023909245e-01 4.682807287308796140e-01 4.347640298025703398e-01 4.851739307637883969e-01 4.384699885707866729e-01 6.602185130829567594e-01 2.708189545245894281e-01 6.701288926194938211e-01 7.959467389019384553e-01 7.779536834347211549e-01 4.413059228697439607e-01 2.916256857120606005e-01
6.083926407467593611e-01 6.244211346870307544e-01 7.201898582255129577e-01 6.054069188330971629e-01 5.859527733146737694e-01 8.024369512006086502e-01 6.292742465056663237e-01 1.000000000000000000e+00 5.199006437911360967e-01 5.490295293661351383e-01 5.646213177892929203e-01 6.380927335434894987e-01 6.149222251719694832e-01 7.165586657340834442e-01 4.184014579752141638e-01 6.520235739452066026e-01 6.670345713513980979e-01 6.486610053800714315e-01 5.889040540839627358e-01 4.503998238999220582e-01
3.624393532222432435e-01 4.684418506723401765e-01 5.177840553635197907e-01 5.043828702446974122e-01 5.655148114088945910e-01 5.155150264198734567e-01 3.681160591023909245e-01 5.199006437911360967e-01 1.000000000000000000e+00 6.322689632579793217e-01 4.238292653363144868e-01 4.581422510886217214e-01 5.217373486667505889e-01 4.729700559465042087e-01 5.347638044505113042e-01 6.585267981219208311e-01 3.373714596957697043e-01 3.811392749415686287e-01 5.201818897585950285e-01 3.375026575570195808e-01
3.552938857099233183e-01 3.708737901732950260e-01 4.519335463800369657e-01 3.697210307528867035e-01 4.633205529956099245e-01 5.136446765632647349e-01 4.682807287308796140e-01 5.490295293661351383e-01 6.322689632579793217e-01 1.000000000000000000e+00 4.189302039021105539e-01 3.806607126562855936e-01 3.714967221798911590e-01 4.498118856421485234e-01 3.464797025811487408e-01 6.411833207971392445e-01 4.141274160387885539e-01 4.598863774090958811e-01 4.202392919870376331e-01 3.562327318539166288e-01
5.689804669510124535e-01 4.748390543061931646e-01 6.139679591302021899e-01 4.941694959769172835e-01 7.643528245432013035e-01 5.428303657098338952e-01 4.347640298025703398e-01 5.646213177892929203e-01 4.238292653363144868e-01 4.189302039021105539e-01 1.000000000000000000e+00 4.192515665228105926e-01 6.722981557522638152e-01 6.412875895457267328e-01 5.739719128658939962e-01 6.100648902370420235e-01 4.226526525565226788e-01 5.262551244906742420e-01 8.286589533064743218e-01 4.102995035318603989e-01
5.636795854812284290e-01 6.924147104205595760e-01 6.112324575517821268e-01 5.679352668103373469e-01 4.996224025189174855e-01 6.892884040661927392e-01 4.851739307637883969e-01 6.380927335434894987e-01 4.581422510886217214e-01 3.806607126562855936e-01 4.192515665228105926e-01 1.000000000000000000e+00 6.816629416013132436e-01 6.741830504341086439e-01 4.338992951151840471e-01 4.917800949546207168e-01 5.052774783313656037e-01 5.345213312678882556e-01 5.203560014837262937e-01 3.378043134776914647e-01
6.068895032118908350e-01 7.327317098258012695e-01 7.089762309377968252e-01 6.704928079440556354e-01 7.102255996770980850e-01 6.573388698270845598e-01 4.384699885707866729e-01 6.149222251719694832e-01 5.217373486667505889e-01 3.714967221798911590e-01 6.722981557522638152e-01 6.816629416013132436e-01 1.000000000000000000e+00 6.918820896704741541e-01 5.970620162080093607e-01 5.940020408875550384e-01 4.042878439087273512e-01 5.175245097374533421e-01 7.938447033183115842e-01 3.822224230987775195e-01
8.477940221229934847e-01 6.274950304798837530e-01 6.279027076364388504e-01 5.115124918732809611e-01 6.856482321649610689e-01 8.193298381809451802e-01 6.602185130829567594e-01 7.165586657340834442e-01 4.729700559465042087e-01 4.498118856421485234e-01 6.412875895457267328e-01 6.741830504341086439e-01 6.918820896704741541e-01 1.000000000000000000e+00 4.463074813379022676e-01 6.253389714796638854e-01 6.744431214775477024e-01 7.460579359548846767e-01 6.700683848616910687e-01 3.410579787332326251e-01
3.894697059447884691e-01 4.602283888964007752e-01 5.447840057479389486e-01 5.409055323470848275e-01 6.248275068071876825e-01 4.250236273413346422e-01 2.708189545245894281e-01 4.184014579752141638e-01 5.347638044505113042e-01 3.464797025811487408e-01 5.739719128658939962e-01 4.338992951151840471e-01 5.970620162080093607e-01 4.463074813379022676e-01 1.000000000000000000e+00 4.882551547251565704e-01 2.430660120304100891e-01 2.926710024703346180e-01 6.457021682194372669e-01 4.029926137044899104e-01
5.407536525641130076e-01 5.238768939733783325e-01 6.264247464842344071e-01 4.929978817087785625e-01 6.643794304000611994e-01 6.916162429150797264e-01 6.701288926194938211e-01 6.520235739452066026e-01 6.585267981219208311e-01 6.411833207971392445e-01 6.100648902370420235e-01 4.917800949546207168e-01 5.940020408875550384e-01 6.253389714796638854e-01 4.882551547251565704e-01 1.000000000000000000e+00 5.622393017530731285e-01 6.175443324748649543e-01 6.930164015402815458e-01 4.173641773966859647e-01
6.375307412362114512e-01 4.552533424216633207e-01 4.822410761509102750e-01 3.659560672488013644e-01 3.970544325411772268e-01 6.785581995835104907e-01 7.959467389019384553e-01 6.670345713513980979e-01 3.373714596957697043e-01 4.141274160387885539e-01 4.226526525565226788e-01 5.052774783313656037e-01 4.042878439087273512e-01 6.744431214775477024e-01 2.430660120304100891e-01 5.622393017530731285e-01 1.000000000000000000e+00 7.294322140689076805e-01 3.885231484279523251e-01 3.074906190232819525e-01
6.696512429374655850e-01 4.895217342213188383e-01 5.075010491351346076e-01 3.999699568038714848e-01 4.797838963431959591e-01 7.035406974998892338e-01 7.779536834347211549e-01 6.486610053800714315e-01 3.811392749415686287e-01 4.598863774090958811e-01 5.262551244906742420e-01 5.345213312678882556e-01 5.175245097374533421e-01 7.460579359548846767e-01 2.926710024703346180e-01 6.175443324748649543e-01 7.294322140689076805e-01 1.000000000000000000e+00 4.859774345043490484e-01 3.021899171123245686e-01
6.236225331854593490e-01 6.382029056808965484e-01 7.718503928349484955e-01 6.495813036954943831e-01 7.960353678431885127e-01 6.157708763324509782e-01 4.413059228697439607e-01 5.889040540839627358e-01 5.201818897585950285e-01 4.202392919870376331e-01 8.286589533064743218e-01 5.203560014837262937e-01 7.938447033183115842e-01 6.700683848616910687e-01 6.457021682194372669e-01 6.930164015402815458e-01 3.885231484279523251e-01 4.859774345043490484e-01 1.000000000000000000e+00 4.099731239720016962e-01
2.809804542747950662e-01 3.456689622239982884e-01 4.424306656930873105e-01 3.937045146833563769e-01 4.213549680727475266e-01 4.270636517898927509e-01 2.916256857120606005e-01 4.503998238999220582e-01 3.375026575570195808e-01 3.562327318539166288e-01 4.102995035318603989e-01 3.378043134776914647e-01 3.822224230987775195e-01 3.410579787332326251e-01 4.029926137044899104e-01 4.173641773966859647e-01 3.074906190232819525e-01 3.021899171123245686e-01 4.099731239720016962e-01 1.000000000000000000e+00
