1.000000000000000000e+00 6.771320107726833681e-01 5.795712355414813777e-01 4.954608705652988609e-01 2.774870340209602548e-01 2.513706493260595698e-01 6.263095454859616273e-01 4.572048771119209265e-01 3.034505645966464882e-01 2.448117168419339240e-01 6.617091191555968255e-01 4.766079307485373562e-01 6.225444494136489482e-01 3.942479560907614644e-01 3.786369560508592302e-01 2.731801907204033375e-01 6.887358814680492047e-01 5.204780714591308310e-01 6.904219686777500753e-01 6.431485778216873284e-01 1.340342132534112218e-01 1.625438932064430242e-01 4.898644351812289632e-01 4.041470881733678078e-01 3.664928821787842295e-01 3.008641607057606637e-01 2.507731155591913508e-01 2.424531318570692373e-01 6.171104018651610845e-01 4.601499399976411997e-01 4.207058240868332133e-01 3.836866653517775894e-01 6.041743512385954196e-01 6.334310581251070271e-01 2.713873461050367308e-01 2.996977014092504499e-01 3.138733617582561974e-01 3.055432328887592863e-01 2.689165634807443306e-01 2.024299060221045887e-01 2.543663866641639459e-01 2.060893355845897223e-01 5.039630339483358590e-01 4.290488227105331842e-01 5.129189525716967291e-01 5.290930606956307791e-01 5.227628104824677546e-01 4.409383280789335169e-01 5.241062071960075341e-01 5.106086188454560526e-01 5.419722422748812773e-01 4.465229904628894575e-01 5.186458357216801041e-01 3.890099448316322595e-01 5.370730530947875891e-01 3.347521984861850930e-01 8.613226381016881872e-01 6.361603955083839912e-01 6.279181460928722203e-01 5.782970199967295555e-01 6.532922022748948176e-01 4.580356030742517848e-01 6.332345516273544250e-01 4.795034575423038903e-01 4.588505366341258940e-01 3.405586557991057139e-01 5.233917097076801195e-01 5.226804480763097560e-01 6.425802461888447947e-01 5.543496971157533260e-01 3.782425969849795289e-01 3.079491125818806796e-01 3.454104715637499878e-01 2.879492088365014912e-01 1.253322487648300121e-01 1.460206635651569440e-01 2.802031718826240581e-01 3.070720327461091137e-01 4.647097743947906645e-01 4.062057762705273967e-01 6.437924595759308977e-01 4.200133915104704019e-01 5.119262868421847745e-01 2.515748459918465962e-01 6.281053635387731093e-01 3.767228014952515025e-01 3.193390186973148470e-01 1.692710855636686829e-01 5.276915854195911582e-01 3.013088012281787686e-01 3.781289764871159642e-01 1.941529957699834052e-01 2.804231284084213738e-01 1.280155114539746619e-01 1.792288948500450341e-01 1.946442406976913453e-01 3.301623748002856518e-01 3.469232346940481770e-01 4.446326253115842619e-01 3.930368797383158030e-01 3.004967842925620469e-01 1.252736422585172260e-01 3.856848626977544270e-01 2.135610048096456270e-01 2.952327278905175767e-01 2.064292659975098254e-01 1.433813863360998420e-01 7.074441408450005131e-02 1.045111746837886213e-01 2.884257798230910330e-01 2.812040239354928195e-01 3.151990199699934436e-01 2.636429547165367038e-01 2.801473750110414773e-01 1.546248519537986865e-01 8.237378860851529705e-02
6.771320107726833681e-01 1.000000000000000000e+00 5.066428997217130581e-01 6.474152010322237194e-01 2.193554716944324245e-01 3.193815890113584910e-01 4.807326745050184980e-01 6.216744587208598016e-01 2.470622615434646119e-01 3.441157146973569114e-01 4.701854978881859770e-01 6.282636395938737683e-01 4.394242666542058640e-01 6.051083200641993454e-01 3.353320649905365269e-01 4.600218199078465187e-01 5.913206962090807872e-01 6.895915906952144736e-01 7.018251181282549878e-01 7.011254173952000679e-01 1.325621573486868987e-01 1.761212972045519687e-01 4.814126182105574747e-01 4.676789364240505065e-01 3.324891236214467805e-01 3.276798903665907314e-01 2.367700665357214129e-01 2.633028236268178945e-01 4.682534219519459140e-01 6.206732350327894832e-01 4.022700462694559498e-01 4.288930511765308706e-01 5.863826308460408088e-01 6.377008440798198619e-01 2.957200445387295762e-01 2.519484194076630490e-01 3.285582274688281235e-01 3.812213316297217158e-01 2.742467443337258670e-01 3.199438118617119464e-01 2.363129471796620307e-01 3.157465389777014408e-01 5.264712373691177172e-01 5.289144015666881193e-01 5.578961632515815339e-01 6.128170944827191491e-01 5.473383067478176933e-01 5.472546325599203509e-01 5.198686214859311594e-01 6.194553335849987130e-01 4.745643614567900404e-01 5.950837309217757998e-01 4.624851024464160520e-01 4.888967810321329654e-01 5.077081188929954969e-01 4.887140649401906511e-01 6.876773984178679022e-01 8.754300302756357066e-01 5.847550698447274709e-01 6.874727029516045640e-01 4.942292758705852940e-01 6.098956387545279023e-01 4.756231965721325894e-01 6.412596533182128855e-01 3.502128227977649999e-01 4.875452351944115081e-01 5.402545374377450971e-01 5.401792255332148462e-01 6.219259571502607775e-01 6.237587602387817398e-01 3.470113148536634884e-01 3.491370381099367926e-01 2.876764660479217417e-01 3.945133693769296013e-01 1.661878896775815795e-01 2.282945988106447610e-01 2.549284497815756945e-01 2.599318565233689204e-01 4.324695776245155998e-01 5.678603984389769543e-01 5.055668285917068738e-01 6.745327749949153739e-01 4.457537268485854409e-01 4.581242329730482732e-01 4.983742800175899879e-01 6.107727913762588390e-01 3.062676271563710695e-01 3.130659622554076704e-01 4.199213933412969668e-01 4.848371683978789370e-01 3.152137437133734621e-01 2.664671475162558867e-01 2.314737082237878496e-01 1.484416391285189318e-01 1.985096570138557559e-01 2.271163039302864783e-01 3.128763471852984979e-01 3.895475848880268765e-01 3.803086562879109955e-01 4.353319675674790501e-01 2.943543974886536074e-01 1.938484185035057872e-01 4.031271064378907365e-01 3.199961748155550900e-01 2.995189966519394287e-01 2.412082043474002291e-01 1.421107489737008511e-01 8.076443595558094324e-02 1.144114600427699607e-01 2.700349897751936901e-01 2.884073164656056898e-01 3.104121905650348845e-01 2.055105695263499399e-01 2.476799039852405904e-01 1.475499087730266778e-01 7.025705372616460054e-02
5.795712355414813777e-01 5.066428997217130581e-01 1.000000000000000000e+00 7.206101230015778958e-01 4.740063201013400840e-01 5.890881775080624161e-01 8.546164105863806038e-01 6.268507393382511950e-01 4.811188772270147407e-01 4.924524031714866412e-01 4.639526360304607744e-01 3.837936350826025578e-01 5.977327603976405612e-01 4.807927095690892605e-01 5.040076899717093051e-01 4.586568013636098673e-01 3.650200722131138331e-01 3.521079598666403410e-01 6.032009471399387701e-01 5.448294548100535151e-01 2.841275614697744145e-01 3.993926818463728323e-01 8.625019425597959533e-01 7.556719658073237644e-01 6.113304415009392923e-01 5.735797680743359717e-01 3.929684650189701478e-01 4.537766475215074813e-01 5.128377939067234603e-01 4.889139606173326102e-01 7.336786882808890020e-01 7.268445698182718351e-01 5.792491016429256456e-01 6.236681554503163971e-01 4.125882179103687042e-01 3.099058182124021510e-01 2.414058350172531009e-01 3.727353872876809637e-01 2.275444996683550491e-01 2.206577321455318874e-01 2.539311671305167772e-01 3.529071759115363638e-01 3.606414184073347684e-01 3.584659372051840487e-01 4.156022540887945871e-01 4.520787414018349049e-01 3.272671973059446127e-01 2.900919234409212177e-01 4.250641288012811936e-01 4.619043256093912087e-01 3.765097042991781828e-01 4.100441883263802878e-01 3.167939121983374684e-01 3.163578807840716212e-01 3.780587324493432377e-01 2.718008646495043146e-01 4.614356213101495352e-01 5.046078290118429788e-01 5.268979919769618547e-01 5.584483454934047186e-01 5.399570634013189929e-01 5.134150862766433399e-01 3.560399693214133521e-01 3.914505973584322396e-01 5.268449104195674915e-01 5.124714814779641747e-01 5.724523218834705052e-01 5.447623478807265274e-01 4.927376947164912036e-01 4.916669530820360068e-01 5.756256934169432515e-01 5.547667507520244179e-01 4.260605837196175250e-01 4.104428911741477282e-01 2.321317287509845340e-01 2.171671811728232704e-01 2.663961618950050347e-01 3.395161821470037422e-01 3.070720888585947717e-01 3.683504254304650338e-01 3.888642949580261021e-01 3.687552297399767642e-01 5.162055508190797060e-01 3.665040074170978768e-01 5.180925812257505259e-01 4.174488762534807607e-01 4.231478176117836609e-01 2.832359215508078454e-01 5.166008309006575594e-01 3.831987971547492489e-01 3.094720158898706108e-01 2.416760317418801263e-01 1.962352549774263599e-01 1.148894513884797103e-01 1.863970153233975580e-01 2.199988998476167246e-01 3.329855554315235833e-01 3.400249440536846635e-01 3.350805565318150103e-01 3.213732883583570454e-01 2.311928048394020774e-01 7.728107836812417308e-02 3.015543457945258909e-01 1.576157926392581787e-01 2.436437252659734709e-01 1.872547472437941229e-01 2.287173162781354629e-01 1.397840955642397076e-01 1.392947036238439962e-01 2.750823241329599100e-01 3.083728096946187214e-01 2.622150782948485803e-01 1.306905962381593733e-01 1.619763234514203232e-01 2.063187605230186183e-01 1.353799121121436744e-01
4.954608705652988609e-01 6.474152010322237194e-01 7.206101230015778958e-01 1.000000000000000000e+00 2.756131907250842783e-01 5.221528577847910357e-01 6.325002418205832866e-01 8.359210050941782155e-01 3.130307124440392941e-01 5.298516147750137462e-01 3.302841158241683894e-01 5.728223395038253285e-01 4.127970144155962973e-01 6.738082309305313267e-01 3.571503713897041798e-01 6.208756533045997061e-01 3.571741795086980087e-01 4.858220927211806539e-01 6.173437254884605041e-01 6.439160447281676580e-01 1.657428341546801631e-01 3.309201774535328600e-01 7.393387339422566873e-01 7.792238645720704904e-01 4.642743221307290002e-01 5.228516304115816693e-01 2.340422621897240707e-01 3.173862652289577979e-01 3.754148942806144751e-01 6.171372558188170654e-01 6.077790868310665173e-01 6.826921712706830458e-01 5.896417740802210039e-01 6.603224462242444082e-01 4.012106459180436180e-01 2.794150088973773038e-01 3.027804601678366070e-01 4.596855179377187239e-01 2.653269520392040337e-01 3.652250893186498315e-01 2.105496202826627472e-01 3.890230278841098621e-01 4.241723301341766561e-01 4.374173525524560624e-01 4.421653332691521388e-01 5.038529710635368808e-01 3.882785428057682897e-01 4.052425720711621548e-01 4.115420947199015522e-01 5.581485671208392674e-01 3.600002644011617847e-01 5.580000496174645219e-01 3.173437211382224565e-01 4.225387813651126923e-01 3.784945082129473337e-01 4.285457852534899637e-01 4.214000925570939859e-01 6.087038733475808039e-01 4.772548240591014124e-01 6.434290376109479404e-01 4.286685270081214694e-01 6.424493157735031712e-01 3.266865630771835782e-01 5.051597017743152396e-01 4.362327160766243384e-01 6.555035048085505744e-01 5.702798301285764149e-01 5.857099905791196548e-01 4.555019979009098385e-01 5.128485234799102788e-01 4.942911318652343233e-01 5.349194536795350841e-01 3.111456063842905628e-01 5.082483290129806708e-01 1.789325010969187446e-01 3.154430442134095736e-01 2.873208584119468778e-01 3.280981568512452151e-01 3.047837024962549157e-01 4.626814668452569612e-01 3.147553037718646141e-01 5.494591625025111448e-01 3.944941652736116411e-01 5.138840079792889037e-01 4.339847838382950851e-01 6.212615704080575174e-01 3.395855807467100251e-01 4.068439227531764346e-01 4.148161867942977699e-01 5.335131668594462750e-01 3.306985479858917665e-01 3.626797717066303495e-01 2.551074889861059125e-01 2.296275858257431080e-01 2.057076509799425357e-01 2.742316949834485706e-01 3.061712037444321299e-01 3.726402566768436952e-01 3.389694446267511041e-01 4.045867374554829587e-01 2.704273901053930174e-01 2.000410255218695310e-01 3.579350939678115906e-01 2.926236277651242390e-01 2.908164669285769333e-01 2.511216737437037549e-01 2.490670027856943802e-01 1.588686934115886296e-01 1.300207596796390530e-01 2.899203153606750849e-01 3.084144795568397046e-01 2.828413560623941336e-01 1.682565885522185056e-01 2.026090434318447708e-01 2.084871142357560825e-01 1.131865344869435047e-01
2.774870340209602548e-01 2.193554716944324245e-01 4.740063201013400840e-01 2.756131907250842783e-01 1.000000000000000000e+00 4.255817810483775165e-01 4.717254738491181154e-01 2.512124537582242079e-01 6.552330458138861946e-01 3.602996625136551945e-01 2.932536950670714404e-01 1.553933698640546091e-01 3.909181686679022993e-01 2.097572304001919796e-01 5.415374418754269614e-01 2.356199910013011822e-01 1.973713066613687062e-01 1.622457845067572790e-01 2.378708566622780018e-01 2.024792166094919466e-01 3.804997584421896395e-01 2.482478329480974077e-01 4.620082739808736294e-01 3.678435365068633556e-01 5.089393788090391668e-01 4.678533865253901580e-01 5.388613493083144190e-01 3.850726945567001791e-01 3.151672762298876607e-01 2.193058383130943312e-01 4.645169667281489612e-01 3.923091385868449632e-01 2.874732140767351507e-01 3.143352129034564513e-01 2.490373694412931493e-01 1.729999443104591472e-01 6.960363124261523260e-02 1.127630920751487714e-01 1.437964394213695207e-01 3.887656946759825843e-02 1.022760688628323728e-01 1.553840169450791675e-01 1.836274755551091098e-01 2.015013413299067691e-01 2.775712809852928786e-01 2.912612010192898726e-01 1.691513843085013791e-01 1.179082901238292513e-01 3.145584187853501801e-01 2.520791515629433599e-01 2.615082520161144952e-01 1.873984129528700748e-01 1.402658236367862188e-01 1.547249068376449210e-01 2.402353160445189206e-01 1.264743435469733168e-01 2.450451193746506218e-01 2.461259717262629376e-01 3.846402001847976648e-01 2.937349867918460089e-01 3.632619255243189071e-01 2.786650142423967025e-01 1.784802270807309965e-01 2.058187049965677917e-01 3.441716191728870222e-01 2.229742564644347780e-01 3.608299186542321957e-01 3.308212628434469837e-01 2.799982095721124109e-01 2.754663909220771423e-01 2.933262772867281654e-01 3.442091480573615803e-01 3.452007304742258365e-01 1.491896371104611263e-01 1.953278395868319472e-01 6.264581649923300910e-02 1.056191483526934816e-01 1.488009676536594939e-01 1.388260987460044060e-01 1.752081137152869117e-01 1.969568636827343788e-01 1.578456237815702989e-01 3.349754386452599153e-01 1.849999433278892158e-01 2.795950008986187729e-01 1.850366868740524751e-01 2.702595083412680510e-01 1.343819510273238094e-01 2.967875391700811605e-01 2.260267942062221536e-01 1.161385056240876457e-01 9.001912798734773569e-02 3.134302494845474935e-02 4.205536639781285412e-03 4.153529297941086634e-02 6.550658363274544649e-02 1.422801287041078888e-01 1.496689780293008198e-01 1.396016688406683248e-01 1.077433041119996854e-01 6.922902758242384380e-02 9.771759060950253178e-03 8.718382292583232163e-02 1.625917599248135822e-02 8.758872020243568812e-02 6.083772878145077972e-02 1.125939299981814079e-01 1.013916235925291232e-01 5.683735963395915303e-02 1.136743931609889846e-01 1.945892469071656694e-01 1.198414296671529988e-01 -9.032443907883167325e-03 2.440664481336958947e-03 1.047953812425204273e-01 6.385853075317114713e-02
2.513706493260595698e-01 3.193815890113584910e-01 5.890881775080624161e-01 5.221528577847910357e-01 4.255817810483775165e-01 1.000000000000000000e+00 4.916393337977040812e-01 4.659259013741990363e-01 4.171118700486705078e-01 6.504008511608901921e-01 1.831642496232032680e-01 2.675030045086157493e-01 3.023688355431669583e-01 3.846727152747306810e-01 3.121589269308993608e-01 5.168300318035666807e-01 1.116711315764952056e-01 2.654518623203634409e-01 3.396986588927932149e-01 3.036438443078879335e-01 2.679468167110362065e-01 3.995778116686509174e-01 6.143616718848922131e-01 6.501406182969563519e-01 5.007132879515733270e-01 6.215135078743491137e-01 3.859234257323123640e-01 4.945506969139625286e-01 2.411550614159542194e-01 4.279918466453958570e-01 5.515009843748600593e-01 6.493690825764822927e-01 3.646645184441357213e-01 4.356034903681427761e-01 3.202287030284811098e-01 2.364551350339797742e-01 1.084018964886317993e-01 3.035729398611530239e-01 9.893535088656919829e-02 1.838740965131134830e-01 1.395195261703903455e-01 3.631053808220119361e-01 1.800324396998110588e-01 2.385798057434807551e-01 2.773914320861828320e-01 3.364654947892042891e-01 1.229102368549074842e-01 1.457096929580758704e-01 2.879054546421362937e-01 3.588578400566519444e-01 1.753996015503015149e-01 2.986797693979175161e-01 6.191097193516438557e-02 1.880112975378607498e-01 1.602905121724317594e-01 1.879966687243702361e-01 1.743691130722389016e-01 3.450636420981614827e-01 3.538181039529304517e-01 4.080082122924493793e-01 2.942889764363740834e-01 4.280990333232865264e-01 8.677284075352155457e-02 3.261037209012371818e-01 2.759648293753439452e-01 3.816575873981776779e-01 3.750574012043869643e-01 4.118852076121634620e-01 2.973830390129171275e-01 3.344589757641894812e-01 4.240363036922157325e-01 4.721272098471695489e-01 2.953260711206397993e-01 3.441047281130646396e-01 2.162468804170800118e-01 1.899216965535309165e-01 1.155378586016808234e-01 2.152161334827264738e-01 1.058383431661879953e-01 2.629934502867859458e-01 9.282320488912337852e-02 3.041462740432011591e-01 2.945855840368567513e-01 3.479650660532422335e-01 2.051222976936095399e-01 3.205286282530897535e-01 2.495041087896232579e-01 2.791605089081001800e-01 2.502528703251793440e-01 3.425990624771140802e-01 9.962559025597007845e-02 1.150931245201408243e-01 -6.831512373603516701e-03 -4.606007493618413662e-02 1.400076251669560290e-01 1.390207565495832354e-01 2.171157694476276434e-01 2.154857839943037368e-01 1.779929536689092429e-01 1.733296674943288485e-01 8.121967764416479496e-02 -3.245486615887670928e-02 1.329555303870841310e-01 6.910862531379889651e-02 1.077067846271746315e-01 4.298096138319123377e-02 1.831930809425674767e-01 8.670358034600951502e-02 9.731223296816203516e-02 1.701913594628532422e-01 1.801180831521699000e-01 1.353523830934380001e-01 3.249562270995351443e-02 1.447363503069921259e-02 1.367312718099063795e-01 1.053206642519089326e-01
6.263095454859616273e-01 4.807326745050184980e-01 8.546164105863806038e-01 6.325002418205832866e-01 4.717254738491181154e-01 4.916393337977040812e-01 1.000000000000000000e+00 6.046116632136081526e-01 5.280500405393527830e-01 4.333482768412716957e-01 5.804729406639982381e-01 3.913507362260862377e-01 7.273318970261384298e-01 4.080592224436195847e-01 5.085406098194146240e-01 3.428584056378106704e-01 4.256858708236411770e-01 3.525042092607443833e-01 5.940211863971485151e-01 5.065793488728969063e-01 2.670601394384523042e-01 3.383902609252318339e-01 7.514213529926554447e-01 5.812191403711105542e-01 5.450498340955490795e-01 4.705743614896886751e-01 3.516775309702168673e-01 3.804434539920957814e-01 5.930133924620772934e-01 4.494499281578764327e-01 6.836906392370896146e-01 6.152912177619501710e-01 6.010527213626459808e-01 6.067475287778797410e-01 3.784354969967318461e-01 3.034579541239010858e-01 2.435979370855152482e-01 3.004033054063590669e-01 2.385631838514576941e-01 1.569988308090438656e-01 2.466554053772664623e-01 2.646743911177918962e-01 3.906466542438317147e-01 3.713447390270364634e-01 4.364944591629640880e-01 4.583827297083579722e-01 3.825838018656204098e-01 2.932760668502862322e-01 4.547020273664808543e-01 4.577988061419895893e-01 4.429513544186379215e-01 3.854597660279118765e-01 3.546260509267813998e-01 3.265590406987688987e-01 4.217600951184256042e-01 2.419478993902080821e-01 5.086096049070731873e-01 4.584442468611788501e-01 5.959698396064248005e-01 5.591381615146655548e-01 6.936373785659626368e-01 5.341674631693262842e-01 4.664714266679492183e-01 4.112525018796936993e-01 5.880597439716794828e-01 4.341525981648030053e-01 5.999541191704712562e-01 5.621154019414760228e-01 4.619648108618109594e-01 4.732219932142955332e-01 5.565285176642964515e-01 5.079866172534149849e-01 4.570596546906116053e-01 3.499971515534929800e-01 2.257862092317878544e-01 1.804913880039698548e-01 2.905642036710238685e-01 3.423494394009529707e-01 3.553454023030782061e-01 3.647208307925954851e-01 4.716103793266478439e-01 3.174427148092349160e-01 5.207139433427797615e-01 2.685661680073454516e-01 5.751808491580373550e-01 3.319947145439632319e-01 3.754585148250615401e-01 1.849276314428972556e-01 5.612688330666461001e-01 3.494846933771695308e-01 3.570616100341087451e-01 2.661601873813952412e-01 2.299050177873764034e-01 1.517220939069873487e-01 2.005938715107348780e-01 1.866310638296411750e-01 3.482810864094199044e-01 3.051517514639863760e-01 3.739132433626671248e-01 3.414718997535634015e-01 2.753349443475721081e-01 1.301992173500697569e-01 3.192109006355465239e-01 1.603945183318424839e-01 2.636596245176983655e-01 1.887009032366509242e-01 2.381255473683118462e-01 1.617952123378439133e-01 1.205431537418202997e-01 2.542674531110152292e-01 3.032631804670035680e-01 2.903171058322373543e-01 1.639136221426029383e-01 1.783385258919950589e-01 1.848184942504131900e-01 1.253830177118041567e-01
4.572048771119209265e-01 6.216744587208598016e-01 6.268507393382511950e-01 8.359210050941782155e-01 2.512124537582242079e-01 4.659259013741990363e-01 6.046116632136081526e-01 1.000000000000000000e+00 3.022568204799584990e-01 5.286297573464956434e-01 3.697195964286184022e-01 6.436746983708148129e-01 4.650080072722383995e-01 7.522860852398539633e-01 3.506218088759590623e-01 6.171956888978318290e-01 3.452249338960567959e-01 4.925248899956666815e-01 5.915134949852655089e-01 5.471133462605645148e-01 1.381870052404422511e-01 2.942884223246750586e-01 6.421917315789862357e-01 6.523045491106974625e-01 3.631849399022249458e-01 4.290587275749848661e-01 1.608728386758662421e-01 2.277117605880873419e-01 4.256310613187323511e-01 6.401847608605032436e-01 5.535192344499051398e-01 6.171084145666906329e-01 5.595783701434061674e-01 6.056170806181445654e-01 3.334254161607488331e-01 2.237878193648127068e-01 2.633968553737687235e-01 4.252048972428447149e-01 2.585560780883925935e-01 3.774582526026409313e-01 1.821697137811745248e-01 4.011690281684458514e-01 3.938937913881742636e-01 3.905894687739689952e-01 3.910563906233193721e-01 4.407581150348315879e-01 3.459453112585982315e-01 3.870540411271917725e-01 3.629058668674469135e-01 5.051408811604591875e-01 3.097557780981871622e-01 5.007390747801632180e-01 2.870428840441705542e-01 4.047069027747779990e-01 3.444338244005161198e-01 4.180165890080692059e-01 3.628197942558443190e-01 5.520228891722218645e-01 4.325226842748829403e-01 6.233197149374866131e-01 4.334064447538112375e-01 6.727512753665605416e-01 3.367827817169820048e-01 5.393781251987187497e-01 3.473894388674604317e-01 5.815511921326816935e-01 4.820414014556596571e-01 5.075726834711171698e-01 3.488384098687954959e-01 4.240626397423694072e-01 4.904783402791158542e-01 5.196477617680697048e-01 3.191042516728728740e-01 5.101925515104658304e-01 1.737217619278529912e-01 3.072660641164207118e-01 3.260190093785135246e-01 3.211037746626261291e-01 2.911735629985404694e-01 4.497794830875189720e-01 2.934004021578393018e-01 5.423278811254799159e-01 3.560841403886284562e-01 5.232869731244521594e-01 3.755683462086351065e-01 5.933675264715951858e-01 3.293193653279268274e-01 4.063698512205359270e-01 3.893663811727011148e-01 5.298329001318038411e-01 3.183623308004893682e-01 3.936360350942791908e-01 2.319558949989940499e-01 2.300168498143854434e-01 1.970674064830509054e-01 2.772593524164658763e-01 2.820966748503000443e-01 3.380044035363343191e-01 3.216226153780991637e-01 4.133449212027149877e-01 2.924619559670726399e-01 2.186433547356413931e-01 3.707843362663615361e-01 3.095672103023960897e-01 2.709180736347839291e-01 2.364054393474316340e-01 2.702961833203524344e-01 1.586546978118223983e-01 1.370532589366278697e-01 2.672259691298563555e-01 2.604297804961797080e-01 2.444479396555232498e-01 1.712906837069733679e-01 1.781555439489042325e-01 2.029769001720672650e-01 1.108095931524934880e-01
3.034505645966464882e-01 2.470622615434646119e-01 4.811188772270147407e-01 3.130307124440392941e-01 6.552330458138861946e-01 4.171118700486705078e-01 5.280500405393527830e-01 3.022568204799584990e-01 1.000000000000000000e+00 4.313597061197264049e-01 3.266351899778266454e-01 2.356715277698002431e-01 4.493869432639370776e-01 2.607791293043957292e-01 6.154898804271811130e-01 3.033389901316512205e-01 2.311591579017550080e-01 1.956709421507556723e-01 2.659205236135997463e-01 2.275177801464269844e-01 3.395899853308588234e-01 2.419453446680862596e-01 4.730675847695850478e-01 3.686301563961761341e-01 4.370884315508742346e-01 4.235906537717704090e-01 4.484402520625303534e-01 3.592438930440207123e-01 3.629918201577360115e-01 2.470740584205005363e-01 4.775006723144412657e-01 3.989564286329190246e-01 3.418874869287089613e-01 3.309633513761185419e-01 2.789544846834174918e-01 1.975030607488610090e-01 1.427020196166815247e-01 1.374350828533021374e-01 2.071905437743817024e-01 1.218783237740633379e-01 1.140630837694753957e-01 1.728673516705548363e-01 2.306050741411484750e-01 2.264377553950207289e-01 2.916902940663829158e-01 3.007339815411558259e-01 2.090324382220149491e-01 1.445015585415667936e-01 3.293482671047254229e-01 2.898840689431626538e-01 2.953074950129941367e-01 2.306740840126362824e-01 1.907703240458378247e-01 2.066258954760845645e-01 2.749998061860894905e-01 1.768666410057998795e-01 2.727926722368571588e-01 2.521287845515309267e-01 3.848618423752986906e-01 2.983697738822328471e-01 4.250876910855335700e-01 3.161981582607625851e-01 2.359796072925678667e-01 2.336872138609335237e-01 3.622479681724251055e-01 2.417373302650825118e-01 3.795000451151880339e-01 3.248950594665514502e-01 2.632010768727354733e-01 2.582672104182731077e-01 3.433533286700425347e-01 3.690407757631211094e-01 3.560114282818639952e-01 1.655365358449076008e-01 1.900623175926475505e-01 7.890539066919576017e-02 1.692117531907928185e-01 1.572112903904934467e-01 1.965363971692845324e-01 2.085840149458964565e-01 2.477117697441497124e-01 2.004529409286195385e-01 3.463304726145608470e-01 2.029508073216103325e-01 3.429934349921765491e-01 2.221852640987246608e-01 2.861449535620747553e-01 1.497257394198955871e-01 3.336122009423428403e-01 2.668298229043441494e-01 1.716379668189222663e-01 1.981022358484025858e-01 1.036637029668177751e-01 1.083171676178646403e-01 9.609063266651735047e-02 1.001002862413549327e-01 1.561871360310035373e-01 1.932695852952936721e-01 1.583344662895197208e-01 1.747782806129298816e-01 1.137198112441822895e-01 8.952580034459795000e-02 1.360310588425542311e-01 9.032927868083646950e-02 1.288369253498946876e-01 1.105487828741610196e-01 1.587708760040819067e-01 1.301895264970296673e-01 8.784542650600947467e-02 1.362944824581978076e-01 1.848807934406933307e-01 1.552171391811584256e-01 6.599841775075999950e-02 5.185690307085371459e-02 1.032513090452833598e-01 7.121655746921101704e-02
2.448117168419339240e-01 3.441157146973569114e-01 4.924524031714866412e-01 5.298516147750137462e-01 3.602996625136551945e-01 6.504008511608901921e-01 4.333482768412716957e-01 5.286297573464956434e-01 4.313597061197264049e-01 1.000000000000000000e+00 1.950185921423748803e-01 3.379574051122357092e-01 2.999356792875898514e-01 4.664173779646942353e-01 3.398179523053880824e-01 6.621055811448579576e-01 1.635568125741864443e-01 2.778162570797772513e-01 3.323944355680631957e-01 3.122158866958406054e-01 2.085306456999501679e-01 2.702342559372246655e-01 5.337174111698193002e-01 5.681903613461375402e-01 4.017811301420677328e-01 4.899620016422264190e-01 2.875596897105165417e-01 4.116217531671303997e-01 2.261925511198795702e-01 4.206457218188986991e-01 4.652082995109864672e-01 5.267890748052957983e-01 3.487994530519653580e-01 4.059933531328803746e-01 3.122530745638368299e-01 2.063662289331024968e-01 1.582672761510949822e-01 3.106642752959554166e-01 1.054679817154680205e-01 2.415945642223484013e-01 1.083603333795876700e-01 2.991654573539887507e-01 2.020183789727701962e-01 2.503926514922323321e-01 2.768010546420112683e-01 3.097775697901594127e-01 1.288267751048283172e-01 1.777720894546425956e-01 2.782488415166268214e-01 3.633287119190783954e-01 2.045446294617568606e-01 3.116973569674625910e-01 9.216740021117894588e-02 1.883511926990151797e-01 1.349059460189916959e-01 2.457548069110031264e-01 1.984199491971521123e-01 3.431416355102597793e-01 3.138964149576429219e-01 3.757928547808586650e-01 2.917700110909448585e-01 4.551543426709215301e-01 1.473419018167076155e-01 3.304366267748461428e-01 2.779019766638647360e-01 4.004094405709063276e-01 3.506014533595369631e-01 3.630084947659432126e-01 2.708899899432651859e-01 2.951051165527646680e-01 3.840368519712996087e-01 4.130868069461996472e-01 2.431448211684710536e-01 3.548106138067956827e-01 1.504008011065050554e-01 1.949189344601323370e-01 1.411281341111941812e-01 2.139786885956257434e-01 1.487343419764795560e-01 2.754944686578173485e-01 1.410195925732058153e-01 3.403926941491681180e-01 2.311861108132174103e-01 3.359021167295894172e-01 2.207561246297828350e-01 3.841977401808462922e-01 2.337503382154276499e-01 3.018424979707913791e-01 2.351494784469596866e-01 4.298623315207550366e-01 2.030686228415519712e-01 2.168709922108270349e-01 9.615944750465457713e-02 8.241130261729766315e-02 1.061387650794958781e-01 1.487769601442250067e-01 1.757178103906603672e-01 2.097930673930227252e-01 1.857525085066270287e-01 2.230756502272297215e-01 8.949031914773751539e-02 3.149837179938912157e-02 1.366206617956416125e-01 9.287552811732126268e-02 1.313476264955241168e-01 8.965918546784043541e-02 1.802018665094386185e-01 7.934133524952474703e-02 6.493102789360861993e-02 1.793707666797297318e-01 1.689690257420215780e-01 1.206820489851731654e-01 9.055607762845571673e-02 3.846307038368504405e-02 1.099468536541496066e-01 8.659546839362634862e-02
6.617091191555968255e-01 4.701854978881859770e-01 4.639526360304607744e-01 3.302841158241683894e-01 2.932536950670714404e-01 1.831642496232032680e-01 5.804729406639982381e-01 3.697195964286184022e-01 3.266351899778266454e-01 1.950185921423748803e-01 1.000000000000000000e+00 3.985143248660036885e-01 7.425897022356913180e-01 3.193378886272507100e-01 4.294839791285848252e-01 1.985252177802147022e-01 6.225917512590359859e-01 3.801750219029118028e-01 5.728491023293529327e-01 4.800839569221285186e-01 1.542359218939109988e-01 1.299246052191156131e-01 3.942349958180000891e-01 2.608258407920448496e-01 2.669162054833101871e-01 1.991296183774336759e-01 2.005499186310868986e-01 1.661694018513782123e-01 6.404482937571102097e-01 3.828829006529865797e-01 3.745466268068813331e-01 2.921501217767215608e-01 5.056993815933346070e-01 4.918306551428651141e-01 2.068249935604863365e-01 2.053055781563047077e-01 2.432852448933304212e-01 1.718047996377278230e-01 2.110693009933554964e-01 1.154684181006955662e-01 2.178117014949283448e-01 1.662411273067278539e-01 3.874851066737481364e-01 2.988885241555920835e-01 3.828563720968438111e-01 3.851917947307639811e-01 3.857875671041006149e-01 3.103355263733260649e-01 4.240864715636058491e-01 3.771451153807129919e-01 4.485059129117512922e-01 2.970729549757294419e-01 3.948291199019207109e-01 2.986988634060125936e-01 4.053844052319821589e-01 2.624830298746154700e-01 5.910468233708177088e-01 4.327037790895010838e-01 5.006260570736231763e-01 4.321881500816702193e-01 6.074869133091479467e-01 4.057298525104497400e-01 5.831152529364074244e-01 4.433363475489087158e-01 3.677103306920694870e-01 1.918801440896754085e-01 3.842044655097805461e-01 3.560656303795546873e-01 4.005007934260157998e-01 3.542615285792095614e-01 3.126185654602000041e-01 2.395380620912457570e-01 3.505026965732067623e-01 2.338521639718558753e-01 1.573084233258882914e-01 1.111128325295564767e-01 2.468034884115611338e-01 2.710765270289554052e-01 4.211268638747938664e-01 3.135865560447121392e-01 5.623978759733097021e-01 3.098847920171438064e-01 4.500309829110794024e-01 1.657937678891958921e-01 5.355955176657640759e-01 2.411651316836978531e-01 2.604589400614981676e-01 9.774613180381985789e-02 4.597649399381966706e-01 2.566850516146766403e-01 2.787910035387579644e-01 1.427798370580139753e-01 1.878503846068835526e-01 9.656352111886133682e-02 1.349215303234627128e-01 1.125547109847266497e-01 2.425164875070908443e-01 2.499892528992818386e-01 3.255152725007809389e-01 2.801919230616636280e-01 2.409695757058787913e-01 1.238282761312346075e-01 2.798351023840350837e-01 1.665887557793905294e-01 2.253698771040987259e-01 1.366629119359077105e-01 1.188550989222172255e-01 9.473669235983905867e-02 7.835225632137966800e-02 2.048636806810333610e-01 2.106812354952557753e-01 2.365668528994550046e-01 1.716359249752312521e-01 1.590398216523360997e-01 1.238784423782674643e-01 7.018381958154168432e-02
4.766079307485373562e-01 6.282636395938737683e-01 3.837936350826025578e-01 5.728223395038253285e-01 1.553933698640546091e-01 2.675030045086157493e-01 3.913507362260862377e-01 6.436746983708148129e-01 2.356715277698002431e-01 3.379574051122357092e-01 3.985143248660036885e-01 1.000000000000000000e+00 4.287092537679466631e-01 7.266899640088003709e-01 3.279710194497759135e-01 5.001721253258465394e-01 4.023163197519655787e-01 6.126617600898379701e-01 5.226134703382308011e-01 5.038289456442622827e-01 1.218922036221161409e-01 1.648227403961388393e-01 4.236504591898013761e-01 4.422438224254121031e-01 2.429850612736635940e-01 2.755610017316712512e-01 1.864155268693977741e-01 1.989817753292307256e-01 4.047383497622187298e-01 6.028885147407080369e-01 3.330478314554244368e-01 3.760553452209061676e-01 4.124863717697521692e-01 4.647082847744621881e-01 1.763067784300925145e-01 1.801623481336405153e-01 2.429243702548081196e-01 3.177080029224291779e-01 2.245762646830493092e-01 2.862596123445779739e-01 1.991354950849623939e-01 2.974821512888302655e-01 3.346069474331196947e-01 3.151002432273719012e-01 3.320800827849562653e-01 3.795865869057307163e-01 3.479171607531751920e-01 3.536384973659419950e-01 3.125048109247783312e-01 4.250075133436893582e-01 2.693898261233184654e-01 4.073224030647454308e-01 2.763522302002107134e-01 3.396515013511267056e-01 3.671207383889575349e-01 3.846041615915254397e-01 4.291374689569446010e-01 5.117016795918449823e-01 3.721117483958625849e-01 5.034681953054545023e-01 4.086192608723810960e-01 5.366378078558939890e-01 3.958209620869109213e-01 5.572317417343023438e-01 2.456157259579631602e-01 4.146562659290907726e-01 3.241059390783291860e-01 3.594946458257445854e-01 3.249005083115110715e-01 3.301205883394143226e-01 3.285941956043595402e-01 3.387308919893804449e-01 2.709924060180970429e-01 3.323621647393171785e-01 1.004932072408676186e-01 2.407836475459870507e-01 2.127023109070168283e-01 2.180869126417196158e-01 3.187803024100645533e-01 4.398467845293222989e-01 3.828839980782772212e-01 5.199528546383505034e-01 3.569517267862121201e-01 3.978053702924689849e-01 3.644824048368696667e-01 5.198233114579976499e-01 2.394064457438401794e-01 2.722375657968583162e-01 3.238052236142972551e-01 4.322647246005730248e-01 2.324273209597420009e-01 2.332450227087390637e-01 1.864394634592826672e-01 1.617369259112063362e-01 1.420615896344102069e-01 1.885557020443993925e-01 2.150126784650695233e-01 2.666677842446663060e-01 2.807125338366666667e-01 3.154433101939744799e-01 2.204019655606322126e-01 1.711541410991685164e-01 2.985860572117680078e-01 2.385104385321040743e-01 2.004646751483902534e-01 1.580160938267098358e-01 1.464474905474337507e-01 8.005445284935636119e-02 8.143944526326536704e-02 2.070466558808733426e-01 1.795328749311412841e-01 1.844734494493910359e-01 1.429128899785253315e-01 1.471113242203146154e-01 1.191103995656249970e-01 2.363986197195896977e-02
6.225444494136489482e-01 4.394242666542058640e-01 5.977327603976405612e-01 4.127970144155962973e-01 3.909181686679022993e-01 3.023688355431669583e-01 7.273318970261384298e-01 4.650080072722383995e-01 4.493869432639370776e-01 2.999356792875898514e-01 7.425897022356913180e-01 4.287092537679466631e-01 1.000000000000000000e+00 4.184573810339942690e-01 5.825764816342963170e-01 3.160863650973770866e-01 5.482713385299374798e-01 3.307805254918248505e-01 5.611026150872728824e-01 4.462796329200466317e-01 2.228517510702902327e-01 2.421387898749321754e-01 5.768280516519278533e-01 3.960989132181954031e-01 4.146095591409015846e-01 3.304383801210407645e-01 2.839082111881042758e-01 2.676199530587940467e-01 6.834430945406664293e-01 4.006025203000330714e-01 5.184355360615744424e-01 4.255668167114333156e-01 5.240653346671709789e-01 5.122792119634813623e-01 2.912655298855929553e-01 2.391380117802289762e-01 2.741260853536993114e-01 2.052858785197468061e-01 2.649947592115769468e-01 1.439878572229782161e-01 2.649235341973323332e-01 1.908013764822229508e-01 3.869887176269254936e-01 3.178416818468374760e-01 3.880507975160930045e-01 3.739656684492131955e-01 3.864056741530297323e-01 2.965629106802512571e-01 4.307711882370517942e-01 3.686373923535537500e-01 4.383288823923531807e-01 3.077558192537420134e-01 3.829049141483064633e-01 3.073950966353332093e-01 4.521856191792851254e-01 2.583590377190244647e-01 5.328397470349918175e-01 4.031559827333507928e-01 4.925317261328740481e-01 4.298328724268767886e-01 6.162479791907234938e-01 4.129013498607644328e-01 5.464341591828320022e-01 3.927787442539213969e-01 4.678341821908452158e-01 2.779125699065374544e-01 4.400506475764182079e-01 4.051393174967055644e-01 3.651752068927289763e-01 3.637802457020392621e-01 4.375641109852144162e-01 3.392243273430596284e-01 4.240903566164302418e-01 2.588655985811222915e-01 1.860241861035546451e-01 1.362409425418228681e-01 2.704463510335257115e-01 2.806404108335951442e-01 4.218912187228608945e-01 3.301494389112689110e-01 5.795544355334797393e-01 3.240282001732106010e-01 5.488218588718041246e-01 2.257246505236576439e-01 6.148771620780218994e-01 2.989360468908698887e-01 3.894867968588234808e-01 1.398014057858306680e-01 5.606879913030361484e-01 2.906657444993778761e-01 3.122645781323192260e-01 1.899289119249017443e-01 2.166498059988990199e-01 1.445443592513906417e-01 1.808615029453906620e-01 1.480986511518134485e-01 2.898487339904214366e-01 2.491838733262253247e-01 3.276876618029197497e-01 2.693961470970574479e-01 2.285128484350653355e-01 1.182940593512822325e-01 2.689159367157115121e-01 1.240797029807947233e-01 2.486177071114746007e-01 1.553338080314332070e-01 1.867298609783921981e-01 1.029864700619304019e-01 1.058737552374183349e-01 2.234590247772638705e-01 2.155622922169303513e-01 2.270859516595077898e-01 1.660449895264547726e-01 1.627811240022477013e-01 1.752038723752986360e-01 1.058535682045029652e-01
