1.000000000000000000e+00 5.387540751930546268e-01 4.568151534199055286e-01 4.491525333386854890e-01 5.717318038814023229e-01 4.762041469383313519e-01 6.239221268761994121e-01 5.575323600369561650e-01 5.271178485676021319e-01 4.921653856684057859e-01 3.966434722326759310e-01 3.411088489992289974e-01 4.429521891859703464e-01 5.805777399846856479e-01 2.378409348694117409e-01 5.200370754916524563e-01 4.225942884396002852e-01 6.941339720587074158e-01 5.090210185122397979e-01 5.100907797530314092e-01 5.451188294683467772e-01 5.009198263636193138e-01 5.072122162816437019e-01 3.942443949089045607e-01 3.515814840682313647e-01 5.348876049791934095e-01 4.826975288120207153e-01 5.525080045455692535e-01 2.230105013216607535e-01 5.138843923843566808e-01 4.540843697548400670e-01 2.842209098635846143e-01 4.132212762853557098e-01 5.035652913447165036e-01 4.371496217931377104e-01 3.671469105553166745e-01 6.913957009713957991e-01 3.859712524041819526e-01 7.222718815120727776e-01 3.592303046506912789e-01 4.091129388961212698e-01 4.661030545654777923e-01 4.871084263904977840e-01 5.778779790388326454e-01 3.301444453995091566e-01 5.824856241556198855e-01 4.512627520339628218e-01 4.016673443952898936e-01 4.283834136647176605e-01 5.467923432460121136e-01
5.387540751930546268e-01 1.000000000000000000e+00 5.737142369533755337e-01 6.350868920635365233e-01 6.052663817299351878e-01 3.985577704273933208e-01 5.752570873006592755e-01 5.794374636875294637e-01 4.446223392085116299e-01 5.478840466300556322e-01 3.994937021961441626e-01 3.674283803223981626e-01 6.015891993730164700e-01 7.455487779157696782e-01 2.584432147753374931e-01 7.864487395340250542e-01 7.671505750151145220e-01 4.011486156785845636e-01 6.472935565161034299e-01 5.301289840116999441e-01 5.537864322986497667e-01 6.512528441598657292e-01 5.357198948588099974e-01 2.640073636257271317e-01 4.673294143074835927e-01 8.513770268242750738e-01 5.720923159057773599e-01 6.976316649183681440e-01 2.708916134847400570e-01 6.188803852397632976e-01 5.100910936935572071e-01 2.155441588385107465e-01 4.405810898725067704e-01 5.518795017731289443e-01 6.163417678669386168e-01 3.734785668050950025e-01 7.061283165088351188e-01 5.648457441092116227e-01 4.513531991641562269e-01 3.090105166740351739e-01 3.756545487264104088e-01 5.140659348849767607e-01 7.240229009743712751e-01 5.702735258442265254e-01 4.061790061369600635e-01 5.304741904951653098e-01 7.616864663611991881e-01 4.242576493256588477e-01 5.155460368926751968e-01 6.210748271000413601e-01
4.568151534199055286e-01 5.737142369533755337e-01 1.000000000000000000e+00 6.612647407109142339e-01 5.863405586903275291e-01 2.774983316092895502e-01 5.576368649692052815e-01 4.055210095206147058e-01 3.149404149357989402e-01 4.182856184189728266e-01 3.487133620721056815e-01 4.503406507529721936e-01 5.550473124350671084e-01 5.085870265379704991e-01 2.473961475652106112e-01 5.771723518382843032e-01 6.336150833004754457e-01 4.346182409678137071e-01 4.531349126374134562e-01 5.196363905338374778e-01 4.856124376886796212e-01 7.322904112459466264e-01 4.726236292082048873e-01 3.504909104826233190e-01 4.998725639287016076e-01 7.034530298371425294e-01 3.763546784742907714e-01 5.002272268601730687e-01 2.735390349420492306e-01 5.948383770521448177e-01 5.143134898162388113e-01 2.665877339246288114e-01 5.320414378234812336e-01 3.365421493452473989e-01 5.702693665598396189e-01 3.602206560417172687e-01 5.271854965341984389e-01 3.216903588769761679e-01 2.961590332984687657e-01 2.889996267365130267e-01 4.327852755906180238e-01 3.071195252192212011e-01 4.367387191180400197e-01 6.306622681663252017e-01 4.048281277091758112e-01 3.784145294101484147e-01 5.841224583426989359e-01 2.336437404342980306e-01 3.509372763249204996e-01 4.585326892300961577e-01
4.491525333386854890e-01 6.350868920635365233e-01 6.612647407109142339e-01 1.000000000000000000e+00 6.216136901157384154e-01 2.853845723315880378e-01 4.387269952591236755e-01 4.584547576340237129e-01 3.965855369183672319e-01 4.427527400960070136e-01 2.934384432444552826e-01 4.873775655362176384e-01 4.677322740463261130e-01 6.054688881911995946e-01 1.725788664924554905e-01 5.712010226115035172e-01 6.628826651117668556e-01 3.419899855147914280e-01 5.201894925590209162e-01 5.833829904610600137e-01 4.512530863981031870e-01 5.520109602195902854e-01 5.925567032968419579e-01 3.236058780359932774e-01 7.181908339515510331e-01 7.964465783259875309e-01 5.038288777599250201e-01 5.970597401961136308e-01 2.781827459873588149e-01 7.280384230044154581e-01 3.907057497536657320e-01 2.564654568119806854e-01 3.385480114493831238e-01 4.746877640477593641e-01 7.294322140689076805e-01 3.420514979419135848e-01 6.080078158121718923e-01 3.855005947409486655e-01 3.239840169259736169e-01 3.021899171123245686e-01 5.661853998986799974e-01 4.276424030617219096e-01 4.781312690497461215e-01 5.756125356052514963e-01 5.145488498097126051e-01 4.352639367300525364e-01 6.126550462838353805e-01 3.154163833580669318e-01 5.396513363258742535e-01 5.650472774083930005e-01
5.717318038814023229e-01 6.052663817299351878e-01 5.863405586903275291e-01 6.216136901157384154e-01 1.000000000000000000e+00 4.592189982642962409e-01 5.921481760889906187e-01 6.955135086570597425e-01 5.973512027249651135e-01 5.786919131630359203e-01 4.421832486902272374e-01 4.517297453723017608e-01 5.813428135929481488e-01 7.585784431291316965e-01 3.232030861078989958e-01 5.079881203316328753e-01 4.891183286222597348e-01 4.909755375865569316e-01 6.115473783793892171e-01 6.866802746673310587e-01 5.807816173679090088e-01 5.915171899894741125e-01 7.382998318562521423e-01 5.106743476442944241e-01 4.952742229731007528e-01 6.703109964706825963e-01 5.934621167160503141e-01 6.639981588669883195e-01 3.066417525668059252e-01 6.276151819802541221e-01 5.632306394448627351e-01 3.910049054891611142e-01 5.017797939395068907e-01 5.319602011842827771e-01 6.319621234974189816e-01 4.444476316075325895e-01 7.089504846306379227e-01 5.183968732272552504e-01 4.251790144138148375e-01 4.673327120977988636e-01 4.941362846614186788e-01 6.747792875289398973e-01 5.064505881141685428e-01 7.053500606146018148e-01 3.896561285255812912e-01 5.130294080683984737e-01 6.509863599031870951e-01 4.490823136745353272e-01 7.208293448527038905e-01 6.981627728022210544e-01
4.762041469383313519e-01 3.985577704273933208e-01 2.774983316092895502e-01 2.853845723315880378e-01 4.592189982642962409e-01 1.000000000000000000e+00 5.765171867062065525e-01 5.582342062658773862e-01 5.897686454192146988e-01 4.825863001045396228e-01 4.843123875558111302e-01 1.966512486393381665e-01 3.728891646514063685e-01 4.192371528212180398e-01 2.712633444242485981e-01 3.670252873292771945e-01 3.027734073019145433e-01 4.358059607648008260e-01 4.433573253958680294e-01 3.195797164905676557e-01 5.643626476923607749e-01 4.280406565886496484e-01 3.627060067334905713e-01 2.831171905984907755e-01 1.879585907807366785e-01 3.879152759496495295e-01 3.484914740339867256e-01 3.344356847551241407e-01 2.206106642248267802e-01 2.920431137001553434e-01 5.245619205833470522e-01 2.743328994362119189e-01 4.789399503090102650e-01 4.008442830621739006e-01 2.432367756144744597e-01 3.133196397603242866e-01 4.648364267769108937e-01 3.705992840791583198e-01 3.556677571921461611e-01 3.479067511622059294e-01 2.248781741354133334e-01 4.745321205546749743e-01 3.451480414417579801e-01 4.475759208931698874e-01 2.159481095017755925e-01 4.796561091744142580e-01 3.489446381671267861e-01 5.168376446027925786e-01 2.925475473483635791e-01 3.385415436129749489e-01
6.239221268761994121e-01 5.752570873006592755e-01 5.576368649692052815e-01 4.387269952591236755e-01 5.921481760889906187e-01 5.765171867062065525e-01 1.000000000000000000e+00 6.570876995602984438e-01 5.613856751488587316e-01 6.271287004167884760e-01 6.358220779682212109e-01 2.805103662009542642e-01 6.730647533760247825e-01 5.374407839681214494e-01 4.264678930358622444e-01 5.338035495596827884e-01 4.704582782181456202e-01 6.193540216283132116e-01 6.173864788864200648e-01 4.138790658194781980e-01 8.129454053099672839e-01 7.331284879254167386e-01 4.287263288526375615e-01 4.025684816824206536e-01 3.242950849141770231e-01 6.191345314729542748e-01 4.539245724155787087e-01 4.724376336681777588e-01 3.219869493215334333e-01 4.457865937155290337e-01 7.537932180812434435e-01 3.693709232986139845e-01 8.012415349956637511e-01 4.777392601070649114e-01 3.638692647611514452e-01 4.836644146580099113e-01 6.388628149686155222e-01 3.917561464089469592e-01 3.964581885654619997e-01 4.166366915766227530e-01 4.046861674223838357e-01 4.989948929000121436e-01 4.517280908218473945e-01 7.584240914282465162e-01 3.641979894745970281e-01 6.178980595628087436e-01 5.354769011872120288e-01 5.003223036175357130e-01 3.113180911518425575e-01 4.472254342402812721e-01
5.575323600369561650e-01 5.794374636875294637e-01 4.055210095206147058e-01 4.584547576340237129e-01 6.955135086570597425e-01 5.582342062658773862e-01 6.570876995602984438e-01 1.000000000000000000e+00 6.845631589227685332e-01 7.975395037130077469e-01 4.902549482051237195e-01 3.183713046556191917e-01 5.792297088453647325e-01 7.097845672942979522e-01 3.240278353752559792e-01 5.340006917582463819e-01 4.745222031381878258e-01 4.456780403585618999e-01 6.012196091244365048e-01 5.234208943060828512e-01 6.239453853763471392e-01 5.775305204945054838e-01 5.143272151832715133e-01 3.546850867135972196e-01 3.701884116247575740e-01 5.731748531424413207e-01 5.287072909325560843e-01 4.644372740130668364e-01 3.054561974473906094e-01 4.690559686411744367e-01 5.790717182613248637e-01 3.159125329650129266e-01 4.971149782550317031e-01 5.320521407281367798e-01 4.357583117908295223e-01 4.304584136507050296e-01 6.898562173040347911e-01 6.638804044779146318e-01 4.630080935313818924e-01 4.098724396059388875e-01 3.703223922499263021e-01 6.655206393650324737e-01 5.353640535249035715e-01 5.809752886864498755e-01 3.469350711800210929e-01 5.824350582255841680e-01 5.275320537755002759e-01 5.449606581936264904e-01 5.603970735334662390e-01 5.622598578263805491e-01
5.271178485676021319e-01 4.446223392085116299e-01 3.149404149357989402e-01 3.965855369183672319e-01 5.973512027249651135e-01 5.897686454192146988e-01 5.613856751488587316e-01 6.845631589227685332e-01 1.000000000000000000e+00 5.354473471631414627e-01 4.515613931384213076e-01 2.887343712487158154e-01 3.954423555885666075e-01 5.457620246246744911e-01 2.623706200754619133e-01 3.878959860654505043e-01 3.257097017830066221e-01 5.122976828965226659e-01 5.045251491773807828e-01 4.681078435044632169e-01 5.910152427030972433e-01 4.592966619046729426e-01 4.950068436103510772e-01 3.094024299532369127e-01 3.171266288496510377e-01 4.671303415113043922e-01 4.677790036178470223e-01 4.062318794011072765e-01 2.690517176329578763e-01 3.947457081750316288e-01 4.812563871163733631e-01 2.924699558144537859e-01 4.093062902474973175e-01 5.158136176791127125e-01 3.732065077240447892e-01 3.960165135499769118e-01 5.651914329000126136e-01 4.534090375732221512e-01 4.222250597949420148e-01 3.424584143486563148e-01 3.198853950970536597e-01 6.374534391392990829e-01 3.868095974873232978e-01 4.938865800832549779e-01 2.584752921003221626e-01 5.540378368591822866e-01 4.170131339635094747e-01 5.590187461831589433e-01 4.905585420642754602e-01 4.477003945206202151e-01
4.921653856684057859e-01 5.478840466300556322e-01 4.182856184189728266e-01 4.427527400960070136e-01 5.786919131630359203e-01 4.825863001045396228e-01 6.271287004167884760e-01 7.975395037130077469e-01 5.354473471631414627e-01 1.000000000000000000e+00 4.476440893850279767e-01 2.846249552202184674e-01 5.213958776222388236e-01 6.198365130156976432e-01 2.888194670463599123e-01 5.551032239787980771e-01 4.868921955969895965e-01 3.475657291952831685e-01 5.395142460146452601e-01 4.715244313092701312e-01 5.749757440353189253e-01 5.962319024845698090e-01 4.436599612294982453e-01 2.365251794397179863e-01 3.520400346860945717e-01 5.438375398710271202e-01 4.440604138993205496e-01 3.924224891470975418e-01 2.816137687428208469e-01 4.333025999734033684e-01 5.007454972383355019e-01 2.153429053692457185e-01 4.597502865035684172e-01 4.547298539412487628e-01 3.945838545728836966e-01 3.529925643419929426e-01 6.155907963930382643e-01 6.271818842845877651e-01 3.984023249044532644e-01 3.434589472832437207e-01 3.150172943119356472e-01 5.079741297361802799e-01 5.186639064434485080e-01 4.949800321053281493e-01 3.309349590431176491e-01 5.404452256119227638e-01 4.742581448731470473e-01 4.500832422606506622e-01 4.279346528776198921e-01 4.744264465874173942e-01
3.966434722326759310e-01 3.994937021961441626e-01 3.487133620721056815e-01 2.934384432444552826e-01 4.421832486902272374e-01 4.843123875558111302e-01 6.358220779682212109e-01 4.902549482051237195e-01 4.515613931384213076e-01 4.476440893850279767e-01 1.000000000000000000e+00 2.369868721040142845e-01 5.025635964540375866e-01 3.924995598445346623e-01 4.708452015793803680e-01 3.599859012117631596e-01 3.341272393445612332e-01 4.151844826020730794e-01 4.896121441945522346e-01 2.692702601738905521e-01 6.002271698763589347e-01 4.864043763861727876e-01 3.381371811521192150e-01 2.939499720531494886e-01 2.001939667415892354e-01 4.358625346501106002e-01 3.846572831416672500e-01 2.808424072701528607e-01 3.121026130670550569e-01 3.101572544070200776e-01 6.457219367774267305e-01 3.817557613103187975e-01 5.968307753892569956e-01 4.194957307482845565e-01 2.474483892337581148e-01 4.876460013921148917e-01 4.530773187482959874e-01 3.155220181686906322e-01 2.721629945617641821e-01 3.964969825120617242e-01 2.682188082561627329e-01 4.446458360656673214e-01 2.888600463409710661e-01 5.204410093936246984e-01 2.943154538778638418e-01 4.494944463167039328e-01 3.929781546493211208e-01 4.581616090761586046e-01 2.156054147917650932e-01 3.070599038654677204e-01
3.411088489992289974e-01 3.674283803223981626e-01 4.503406507529721936e-01 4.873775655362176384e-01 4.517297453723017608e-01 1.966512486393381665e-01 2.805103662009542642e-01 3.183713046556191917e-01 2.887343712487158154e-01 2.846249552202184674e-01 2.369868721040142845e-01 1.000000000000000000e+00 3.760986180485443864e-01 4.115398990528339462e-01 2.270828721499723590e-01 3.178789912611456603e-01 3.737788818040991279e-01 2.750450641836441612e-01 3.001393296090970053e-01 3.578319235389275654e-01 2.874195490629734562e-01 3.465669776614139774e-01 3.908550909990506916e-01 3.913762895504876993e-01 3.867575108965393693e-01 4.251240114067656450e-01 3.257871477858875209e-01 3.564659521008802789e-01 3.134523221634812340e-01 4.845450080679080673e-01 2.330769061738374448e-01 4.502672380770774141e-01 1.983417702780504999e-01 3.010116897765154897e-01 4.186829033047200221e-01 4.260769869325225501e-01 3.938080189650851604e-01 2.488272380836158981e-01 2.476555200476428520e-01 2.256188592913549451e-01 4.257300256115893466e-01 3.344788471717577427e-01 2.713926601330361454e-01 4.506925279322039901e-01 3.630733855078873695e-01 2.923242130377124437e-01 4.098677869134348395e-01 2.131567732397272041e-01 3.405774705355499865e-01 3.275318231573153827e-01
4.429521891859703464e-01 6.015891993730164700e-01 5.550473124350671084e-01 4.677322740463261130e-01 5.813428135929481488e-01 3.728891646514063685e-01 6.730647533760247825e-01 5.792297088453647325e-01 3.954423555885666075e-01 5.213958776222388236e-01 5.025635964540375866e-01 3.760986180485443864e-01 1.000000000000000000e+00 5.627077749751208113e-01 4.205537335722689951e-01 5.502256865876281600e-01 5.579667947865672994e-01 3.676356592846927729e-01 6.005645506916930110e-01 3.849945880405624132e-01 6.246398976068221476e-01 6.843971488516921164e-01 3.788020845001416337e-01 3.978803966003077730e-01 3.709857079680672354e-01 6.186396040927462092e-01 4.282068013139805895e-01 4.467659872057492265e-01 3.708761730268106960e-01 4.796968809484862817e-01 5.765860268355421647e-01 4.057023366036333067e-01 5.708667465484242864e-01 4.444685379834252825e-01 3.889586904579960258e-01 5.410648690844800379e-01 5.700193685527666920e-01 3.920237046953873317e-01 3.014434688240122395e-01 3.533755697084361991e-01 4.753362305409373767e-01 4.795357355140469346e-01 4.907352953463661738e-01 6.611439319854223173e-01 4.397883285122095587e-01 4.752780836516184437e-01 6.391525819237574568e-01 3.936780264601847379e-01 3.459025645221022738e-01 4.854200710437281407e-01
5.805777399846856479e-01 7.455487779157696782e-01 5.085870265379704991e-01 6.054688881911995946e-01 7.585784431291316965e-01 4.192371528212180398e-01 5.374407839681214494e-01 7.097845672942979522e-01 5.457620246246744911e-01 6.198365130156976432e-01 3.924995598445346623e-01 4.115398990528339462e-01 5.627077749751208113e-01 1.000000000000000000e+00 2.714601345780625619e-01 6.565592466427457863e-01 5.940136904814724561e-01 4.098383808829333952e-01 6.306300665179424003e-01 6.443011552341326720e-01 5.375452228883657035e-01 5.919652238718806636e-01 6.648092463844644806e-01 3.587044858939559822e-01 4.798166048217107349e-01 7.312766541774068374e-01 6.275479772852602389e-01 6.850745035765963831e-01 3.048736098602132238e-01 6.274951538500211923e-01 4.607939239431545486e-01 2.719800400781066108e-01 3.775888031938705591e-01 5.862793476986785102e-01 6.565116051194942459e-01 4.075414584328339584e-01 7.724166315957019524e-01 6.110026759821680642e-01 4.956933747845572724e-01 3.820307506427017552e-01 4.344619531909069687e-01 6.398952872076354437e-01 7.138339081673465980e-01 5.803861480167733511e-01 4.173342296757869274e-01 5.443406481731248858e-01 7.116763088150177552e-01 4.637261611678771822e-01 7.378003289495477235e-01 7.552084351725740774e-01
2.378409348694117409e-01 2.584432147753374931e-01 2.473961475652106112e-01 1.725788664924554905e-01 3.232030861078989958e-01 2.712633444242485981e-01 4.264678930358622444e-01 3.240278353752559792e-01 2.623706200754619133e-01 2.888194670463599123e-01 4.708452015793803680e-01 2.270828721499723590e-01 4.205537335722689951e-01 2.714601345780625619e-01 1.000000000000000000e+00 2.103753795645840752e-01 1.847810794570702020e-01 2.581105222449692760e-01 2.974802112832505285e-01 1.216473014184832613e-01 3.852998447105500102e-01 3.345109341536887104e-01 2.138995143619011607e-01 2.604199692813057299e-01 1.213831810509161530e-01 2.632115040396605932e-01 2.222611629028019564e-01 1.884327458454988780e-01 2.394788945490158583e-01 1.721336148882869899e-01 4.053180143880120156e-01 3.874136647251500976e-01 3.913640696814034703e-01 2.403092981063204570e-01 1.383980970896535045e-01 3.722564823297301317e-01 2.760540285287098605e-01 1.538910592468122618e-01 1.230442160491244386e-01 2.672303435426804374e-01 2.469049241998107769e-01 3.016684405214593578e-01 1.682378228778324547e-01 4.249297272299987771e-01 2.390476821726797152e-01 2.861690159689851409e-01 2.792009408701184303e-01 2.551072657559371182e-01 1.160971433659128693e-01 1.942543712918134713e-01
5.200370754916524563e-01 7.864487395340250542e-01 5.771723518382843032e-01 5.712010226115035172e-01 5.079881203316328753e-01 3.670252873292771945e-01 5.338035495596827884e-01 5.340006917582463819e-01 3.878959860654505043e-01 5.551032239787980771e-01 3.599859012117631596e-01 3.178789912611456603e-01 5.502256865876281600e-01 6.565592466427457863e-01 2.103753795645840752e-01 1.000000000000000000e+00 8.051194998880345510e-01 3.761980079853957104e-01 5.108503680334116615e-01 5.068001746325778711e-01 4.830650050805820883e-01 6.919788736945526875e-01 4.701361341491404056e-01 1.979647613224156111e-01 4.472962587209257102e-01 7.506039067966469025e-01 4.299366854255824433e-01 5.444030431736402997e-01 2.724849161181043256e-01 5.740331204431495804e-01 4.511649177036620162e-01 1.730505547263789523e-01 3.778467908287976296e-01 4.477826894278765235e-01 5.357390877683374519e-01 3.260542721549953282e-01 6.069759982531571785e-01 5.324822498933857728e-01 4.377602617213632863e-01 2.378186641630591902e-01 3.397105846607580970e-01 3.879010128191858753e-01 7.797956997844361915e-01 5.129521244733868945e-01 3.603209448241926904e-01 4.679391014874279553e-01 6.453271617144948902e-01 3.647868457804972486e-01 4.222924013274544364e-01 5.081816753003002285e-01
4.225942884396002852e-01 7.671505750151145220e-01 6.336150833004754457e-01 6.628826651117668556e-01 4.891183286222597348e-01 3.027734073019145433e-01 4.704582782181456202e-01 4.745222031381878258e-01 3.257097017830066221e-01 4.868921955969895965e-01 3.341272393445612332e-01 3.737788818040991279e-01 5.579667947865672994e-01 5.940136904814724561e-01 1.847810794570702020e-01 8.051194998880345510e-01 1.000000000000000000e+00 3.340371405976466090e-01 5.017295165627296827e-01 4.956780092324064579e-01 4.382206054655896077e-01 6.088504473137349438e-01 4.443564657559116449e-01 2.147326211063941281e-01 5.430630175002246762e-01 7.917816667830993582e-01 4.258237801170254300e-01 5.055336815928211935e-01 2.482489544525243452e-01 6.522643664776593964e-01 4.522910696202510628e-01 1.781839357893485187e-01 3.705575136623708299e-01 4.210991525015092551e-01 6.158266094851316819e-01 3.112027098280920057e-01 5.496161933337031513e-01 4.778003455425233748e-01 3.601922639243204105e-01 2.201355277894429807e-01 3.540769614424921219e-01 3.444758398617594475e-01 6.439081727746557293e-01 5.123467026725376794e-01 3.939323007819999778e-01 3.937703041179393404e-01 6.149805582890057742e-01 3.240712242520704112e-01 3.819911834256632388e-01 4.773869126221759185e-01
6.941339720587074158e-01 4.011486156785845636e-01 4.346182409678137071e-01 3.419899855147914280e-01 4.909755375865569316e-01 4.358059607648008260e-01 6.193540216283132116e-01 4.456780403585618999e-01 5.122976828965226659e-01 3.475657291952831685e-01 4.151844826020730794e-01 2.750450641836441612e-01 3.676356592846927729e-01 4.098383808829333952e-01 2.581105222449692760e-01 3.761980079853957104e-01 3.340371405976466090e-01 1.000000000000000000e+00 4.421123887987368217e-01 4.124986365043147862e-01 5.409331567285189379e-01 4.373836737774352001e-01 3.772322087238622057e-01 3.398681422006732955e-01 2.484032521251454406e-01 4.365435332070539687e-01 3.908650599735793429e-01 4.334277790863538815e-01 1.999256513463096852e-01 3.940515663987472772e-01 5.163217411646791044e-01 2.519117666175932357e-01 4.793046043511426380e-01 3.841861245077164977e-01 3.293716151326613883e-01 3.417871350777654804e-01 5.363342374582322769e-01 2.921359519164423713e-01 4.969536762080957182e-01 2.969864416577299160e-01 2.571817846546576858e-01 3.711622710467545327e-01 3.143464536655659058e-01 5.682428073607181940e-01 2.035190165257657890e-01 4.705067654405153399e-01 3.785140642126693100e-01 3.581230856480971392e-01 2.749562928646712701e-01 3.885924334175379080e-01
5.090210185122397979e-01 6.472935565161034299e-01 4.531349126374134562e-01 5.201894925590209162e-01 6.115473783793892171e-01 4.433573253958680294e-01 6.173864788864200648e-01 6.012196091244365048e-01 5.045251491773807828e-01 5.395142460146452601e-01 4.896121441945522346e-01 3.001393296090970053e-01 6.005645506916930110e-01 6.306300665179424003e-01 2.974802112832505285e-01 5.108503680334116615e-01 5.017295165627296827e-01 4.421123887987368217e-01 1.000000000000000000e+00 4.373202230601561658e-01 7.108730299432209909e-01 6.050348907945248822e-01 5.117819282568180084e-01 2.908676911255931308e-01 3.574630904519859320e-01 6.451815664308351295e-01 6.443335285111801980e-01 5.488541083840747792e-01 3.089208687203063297e-01 4.713361427780785040e-01 5.530722870926044754e-01 2.858888750072841045e-01 5.253213110789173301e-01 6.639028321158606527e-01 4.373710051236318619e-01 4.509582274091386012e-01 6.718266153947061170e-01 4.673350867161438771e-01 3.825524121135256972e-01 3.576139602052272881e-01 3.566846422779877401e-01 5.852926051483953174e-01 4.836295392942593918e-01 5.682297682013284224e-01 3.858664683131042272e-01 6.438860815565620177e-01 6.536178988855917416e-01 5.132894542320618481e-01 4.650037052043077268e-01 5.627725474493866509e-01
5.100907797530314092e-01 5.301289840116999441e-01 5.196363905338374778e-01 5.833829904610600137e-01 6.866802746673310587e-01 3.195797164905676557e-01 4.138790658194781980e-01 5.234208943060828512e-01 4.681078435044632169e-01 4.715244313092701312e-01 2.692702601738905521e-01 3.578319235389275654e-01 3.849945880405624132e-01 6.443011552341326720e-01 1.216473014184832613e-01 5.068001746325778711e-01 4.956780092324064579e-01 4.124986365043147862e-01 4.373202230601561658e-01 1.000000000000000000e+00 4.068308096191966539e-01 4.845311701669546278e-01 6.637913145972278439e-01 2.820029495683595844e-01 4.913546491175924125e-01 5.956639458721290081e-01 4.829107866771779056e-01 5.649334474115146332e-01 1.856180549505410671e-01 6.276759670945114555e-01 3.730951597099592676e-01 1.542355180856527785e-01 3.153900726530963761e-01 4.350593369503041319e-01 6.275249362527575148e-01 2.335760396670054362e-01 6.094226732018757087e-01 4.696978473555724065e-01 4.111103776385380271e-01 3.125989932280072159e-01 3.934393501279616623e-01 4.486702178603274582e-01 5.112976456627581490e-01 4.651016040397438767e-01 3.325697010249358820e-01 3.938761029545150283e-01 5.338785030800017317e-01 2.910864613657052624e-01 6.413692077846891992e-01 5.958572186184571962e-01
5.451188294683467772e-01 5.537864322986497667e-01 4.856124376886796212e-01 4.512530863981031870e-01 5.807816173679090088e-01 5.643626476923607749e-01 8.129454053099672839e-01 6.239453853763471392e-01 5.910152427030972433e-01 5.749757440353189253e-01 6.002271698763589347e-01 2.874195490629734562e-01 6.246398976068221476e-01 5.375452228883657035e-01 3.852998447105500102e-01 4.830650050805820883e-01 4.382206054655896077e-01 5.409331567285189379e-01 7.108730299432209909e-01 4.068308096191966539e-01 1.000000000000000000e+00 6.999130240472584141e-01 4.702583251026930533e-01 3.452064553044682516e-01 3.084724819483737335e-01 5.970399819961077492e-01 5.118777139280916710e-01 4.492478261292496278e-01 3.521337348727805461e-01 4.122311967116041864e-01 6.625867867407468914e-01 3.656897288392381151e-01 7.164913816913349720e-01 5.589191037952194741e-01 3.302842371306211056e-01 4.923438761851716139e-01 6.294868811648832718e-01 4.088563118656893813e-01 3.637666456556302719e-01 3.643236021889698084e-01 3.834294690698287211e-01 5.262893832003086025e-01 4.161050205863950913e-01 6.354704606702044067e-01 3.626186659379320720e-01 7.100694287728110954e-01 5.527612630611735689e-01 5.345629214246071514e-01 3.815246532202470342e-01 4.577611430863312569e-01
5.009198263636193138e-01 6.512528441598657292e-01 7.322904112459466264e-01 5.520109602195902854e-01 5.915171899894741125e-01 4.280406565886496484e-01 7.331284879254167386e-01 5.775305204945054838e-01 4.592966619046729426e-01 5.962319024845698090e-01 4.864043763861727876e-01 3.465669776614139774e-01 6.843971488516921164e-01 5.919652238718806636e-01 3.345109341536887104e-01 6.919788736945526875e-01 6.088504473137349438e-01 4.373836737774352001e-01 6.050348907945248822e-01 4.845311701669546278e-01 6.999130240472584141e-01 1.000000000000000000e+00 4.756767109393036375e-01 2.925802084623021493e-01 4.043972396951097670e-01 7.311055861596952310e-01 4.403916889849633365e-01 4.835740331743030862e-01 3.730831905625598965e-01 4.820168456061515450e-01 5.896229533976188319e-01 3.134396329696582106e-01 6.043128462205873408e-01 4.636776606982819238e-01 4.134390486445936874e-01 4.619521200051592835e-01 6.088895496703564669e-01 4.209838640157842482e-01 3.152960093167898048e-01 3.030426063243761292e-01 4.265230099977477263e-01 4.195646515951338418e-01 5.588556937020834336e-01 6.555677957462815453e-01 4.244741307467632119e-01 5.566253286586190230e-01 6.592449002287982252e-01 3.746713117534962723e-01 3.778895535210100576e-01 4.802897436155980637e-01
5.072122162816437019e-01 5.357198948588099974e-01 4.726236292082048873e-01 5.925567032968419579e-01 7.382998318562521423e-01 3.627060067334905713e-01 4.287263288526375615e-01 5.143272151832715133e-01 4.950068436103510772e-01 4.436599612294982453e-01 3.381371811521192150e-01 3.908550909990506916e-01 3.788020845001416337e-01 6.648092463844644806e-01 2.138995143619011607e-01 4.701361341491404056e-01 4.443564657559116449e-01 3.772322087238622057e-01 5.117819282568180084e-01 6.637913145972278439e-01 4.702583251026930533e-01 4.756767109393036375e-01 1.000000000000000000e+00 3.411865310122188522e-01 4.605787583367930704e-01 5.924111585762840138e-01 5.233552718897489520e-01 6.102080453226855772e-01 2.535135258085883248e-01 5.467756479129957103e-01 4.097509779290481324e-01 2.488053511436295329e-01 3.554196286802524529e-01 4.974305290701044324e-01 5.670156525973486517e-01 3.147008342732549036e-01 6.091874247982689283e-01 4.218779439075259763e-01 3.982178121131971782e-01 3.390317757303294988e-01 3.933176043029594227e-01 5.410384902529309370e-01 4.814629452755812000e-01 4.992522489538542829e-01 3.341825542251699033e-01 4.412843381318988789e-01 5.683231652777375187e-01 3.653515390787259176e-01 6.954412651148235147e-01 6.519313397109341990e-01
3.942443949089045607e-01 2.640073636257271317e-01 3.504909104826233190e-01 3.236058780359932774e-01 5.106743476442944241e-01 2.831171905984907755e-01 4.025684816824206536e-01 3.546850867135972196e-01 3.094024299532369127e-01 2.365251794397179863e-01 2.939499720531494886e-01 3.913762895504876993e-01 3.978803966003077730e-01 3.587044858939559822e-01 2.604199692813057299e-01 1.979647613224156111e-01 2.147326211063941281e-01 3.398681422006732955e-01 2.908676911255931308e-01 2.820029495683595844e-01 3.452064553044682516e-01 2.925802084623021493e-01 3.411865310122188522e-01 1.000000000000000000e+00 2.839187195551003962e-01 3.139326856644577557e-01 2.942552387132348346e-01 3.698019461664328600e-01 2.414459597197964047e-01 3.872233560495270677e-01 3.452985446783200518e-01 5.253655025779446763e-01 3.232765975959137061e-01 2.785785821959004815e-01 3.166407848116130630e-01 4.280078702125127421e-01 4.051013779813543714e-01 1.758361303349816052e-01 2.684383147256589885e-01 3.619897017026278419e-01 4.815925454437302022e-01 3.881046694766068783e-01 1.870940646702734245e-01 5.768410630761782176e-01 2.749593128090111471e-01 2.988219252292276806e-01 3.250606171064209793e-01 2.283491355092587272e-01 3.471564488931868087e-01 3.266338795177580190e-01
3.515814840682313647e-01 4.673294143074835927e-01 4.998725639287016076e-01 7.181908339515510331e-01 4.952742229731007528e-01 1.879585907807366785e-01 3.242950849141770231e-01 3.701884116247575740e-01 3.171266288496510377e-01 3.520400346860945717e-01 2.001939667415892354e-01 3.867575108965393693e-01 3.709857079680672354e-01 4.798166048217107349e-01 1.213831810509161530e-01 4.472962587209257102e-01 5.430630175002246762e-01 2.484032521251454406e-01 3.574630904519859320e-01 4.913546491175924125e-01 3.084724819483737335e-01 4.043972396951097670e-01 4.605787583367930704e-01 2.839187195551003962e-01 1.000000000000000000e+00 6.156793351459055597e-01 4.035493450961508688e-01 4.518422872427977910e-01 2.433096778987797748e-01 7.008546699109559075e-01 2.525731080780436177e-01 2.254172836456616591e-01 1.833610322906504553e-01 3.534190486807950449e-01 7.225604736368816949e-01 3.037640831932829633e-01 4.847124663221417662e-01 3.100089671959295190e-01 2.526339039274351217e-01 2.226621294295463571e-01 5.923729294587599670e-01 3.308682432025069065e-01 3.507715975387424301e-01 5.335947161567538011e-01 4.496820873432566534e-01 3.192840223478312645e-01 4.593325310701221187e-01 1.992067040222752494e-01 4.508405352257052190e-01 4.255368303300746113e-01
5.348876049791934095e-01 8.513770268242750738e-01 7.034530298371425294e-01 7.964465783259875309e-01 6.703109964706825963e-01 3.879152759496495295e-01 6.191345314729542748e-01 5.731748531424413207e-01 4.671303415113043922e-01 5.438375398710271202e-01 4.358625346501106002e-01 4.251240114067656450e-01 6.186396040927462092e-01 7.312766541774068374e-01 2.632115040396605932e-01 7.506039067966469025e-01 7.917816667830993582e-01 4.365435332070539687e-01 6.451815664308351295e-01 5.956639458721290081e-01 5.970399819961077492e-01 7.311055861596952310e-01 5.924111585762840138e-01 3.139326856644577557e-01 6.156793351459055597e-01 1.000000000000000000e+00 5.839518070568788799e-01 6.816921208649455721e-01 3.203846683599697043e-01 7.003311750325572627e-01 5.549726875844755991e-01 2.641889560051923769e-01 4.993109501185049037e-01 5.601822951972876830e-01 7.116324395076254472e-01 4.124476075841163603e-01 7.148001030000069589e-01 5.077303219173974203e-01 4.090367958173105611e-01 3.239270808569003068e-01 4.649906007817836695e-01 5.017644567632550956e-01 6.296833189345696358e-01 6.576893993883112799e-01 4.528601285100931628e-01 5.329996005881920684e-01 7.641741330548386113e-01 4.014134451733303299e-01 5.401330320959036868e-01 6.331472225721628266e-01
4.826975288120207153e-01 5.720923159057773599e-01 3.763546784742907714e-01 5.038288777599250201e-01 5.934621167160503141e-01 3.484914740339867256e-01 4.539245724155787087e-01 5.287072909325560843e-01 4.677790036178470223e-01 4.440604138993205496e-01 3.846572831416672500e-01 3.257871477858875209e-01 4.282068013139805895e-01 6.275479772852602389e-01 2.222611629028019564e-01 4.299366854255824433e-01 4.258237801170254300e-01 3.908650599735793429e-01 6.443335285111801980e-01 4.829107866771779056e-01 5.118777139280916710e-01 4.403916889849633365e-01 5.233552718897489520e-01 2.942552387132348346e-01 4.035493450961508688e-01 5.839518070568788799e-01 1.000000000000000000e+00 5.899097417939368482e-01 2.536424453891205633e-01 4.646787173438470253e-01 3.991988197903181268e-01 2.469070309527772178e-01 3.411635123021056204e-01 6.406128671131675612e-01 4.912130001797683776e-01 3.881096260758393757e-01 6.680944824962538053e-01 4.705916097758136574e-01 3.910652960152255497e-01 3.080955677918531532e-01 3.440027183101544428e-01 5.501167395897735846e-01 4.302116194107232228e-01 4.686816973164290023e-01 3.331399400724667781e-01 5.425020778217650719e-01 6.282977207695816801e-01 4.251643825612334560e-01 5.253812167740810057e-01 6.095727044381027415e-01
5.525080045455692535e-01 6.976316649183681440e-01 5.002272268601730687e-01 5.970597401961136308e-01 6.639981588669883195e-01 3.344356847551241407e-01 4.724376336681777588e-01 4.644372740130668364e-01 4.062318794011072765e-01 3.924224891470975418e-01 2.808424072701528607e-01 3.564659521008802789e-01 4.467659872057492265e-01 6.850745035765963831e-01 1.884327458454988780e-01 5.444030431736402997e-01 5.055336815928211935e-01 4.334277790863538815e-01 5.488541083840747792e-01 5.649334474115146332e-01 4.492478261292496278e-01 4.835740331743030862e-01 6.102080453226855772e-01 3.698019461664328600e-01 4.518422872427977910e-01 6.816921208649455721e-01 5.899097417939368482e-01 1.000000000000000000e+00 2.202045937220457050e-01 5.746343848136514776e-01 4.009537883802707370e-01 2.272260101276638855e-01 3.697736066574401348e-01 4.883925549321538329e-01 6.097170491887057286e-01 3.401701116864584984e-01 6.914761478846023213e-01 4.295771517646001514e-01 4.274747360720049238e-01 3.316933620754130008e-01 3.765857616230565141e-01 5.109382952445071790e-01 5.803789980664697534e-01 5.386261796056528439e-01 3.456336168238865469e-01 4.354864700399469490e-01 7.395601541108655086e-01 3.364005779820125608e-01 6.039893056094540746e-01 7.023170164749656941e-01
2.230105013216607535e-01 2.708916134847400570e-01 2.735390349420492306e-01 2.781827459873588149e-01 3.066417525668059252e-01 2.206106642248267802e-01 3.219869493215334333e-01 3.054561974473906094e-01 2.690517176329578763e-01 2.816137687428208469e-01 3.121026130670550569e-01 3.134523221634812340e-01 3.708761730268106960e-01 3.048736098602132238e-01 2.394788945490158583e-01 2.724849161181043256e-01 2.482489544525243452e-01 1.999256513463096852e-01 3.089208687203063297e-01 1.856180549505410671e-01 3.521337348727805461e-01 3.730831905625598965e-01 2.535135258085883248e-01 2.414459597197964047e-01 2.433096778987797748e-01 3.203846683599697043e-01 2.536424453891205633e-01 2.202045937220457050e-01 1.000000000000000000e+00 2.463062345931771036e-01 2.256613965344401729e-01 4.166225040927219458e-01 2.288084735270241032e-01 3.071621939552131031e-01 2.127693728776859639e-01 5.770052954579473203e-01 2.828759632756174813e-01 2.131952848504642950e-01 1.586516092969472158e-01 1.351589620868338948e-01 3.419216357355972513e-01 2.870118905426867206e-01 2.148425353664883686e-01 3.375721828990010942e-01 2.854525610921087031e-01 3.370664116302591329e-01 3.566458033331699751e-01 2.314891400018932177e-01 2.356262178681987063e-01 2.195682856137179395e-01
5.138843923843566808e-01 6.188803852397632976e-01 5.948383770521448177e-01 7.280384230044154581e-01 6.276151819802541221e-01 2.920431137001553434e-01 4.457865937155290337e-01 4.690559686411744367e-01 3.947457081750316288e-01 4.333025999734033684e-01 3.101572544070200776e-01 4.845450080679080673e-01 4.796968809484862817e-01 6.274951538500211923e-01 1.721336148882869899e-01 5.740331204431495804e-01 6.522643664776593964e-01 3.940515663987472772e-01 4.713361427780785040e-01 6.276759670945114555e-01 4.122311967116041864e-01 4.820168456061515450e-01 5.467756479129957103e-01 3.872233560495270677e-01 7.008546699109559075e-01 7.003311750325572627e-01 4.646787173438470253e-01 5.746343848136514776e-01 2.463062345931771036e-01 1.000000000000000000e+00 3.870604748919845295e-01 2.722037641755967186e-01 3.087292548160655570e-01 4.287851504305117967e-01 7.649548795649626642e-01 3.196394937121022073e-01 6.006885129690263669e-01 4.156035267051328419e-01 4.005146284860561234e-01 3.236082722180285143e-01 5.555656570731435373e-01 4.195325449823135711e-01 5.112874167864432939e-01 6.194596882812972716e-01 4.701804993876881333e-01 4.004680059882086418e-01 5.707061309274527039e-01 2.849703840340121475e-01 5.353019917613606182e-01 5.318469067877287237e-01
4.540843697548400670e-01 5.100910936935572071e-01 5.143134898162388113e-01 3.907057497536657320e-01 5.632306394448627351e-01 5.245619205833470522e-01 7.537932180812434435e-01 5.790717182613248637e-01 4.812563871163733631e-01 5.007454972383355019e-01 6.457219367774267305e-01 2.330769061738374448e-01 5.765860268355421647e-01 4.607939239431545486e-01 4.053180143880120156e-01 4.511649177036620162e-01 4.522910696202510628e-01 5.163217411646791044e-01 5.530722870926044754e-01 3.730951597099592676e-01 6.625867867407468914e-01 5.896229533976188319e-01 4.097509779290481324e-01 3.452985446783200518e-01 2.525731080780436177e-01 5.549726875844755991e-01 3.991988197903181268e-01 4.009537883802707370e-01 2.256613965344401729e-01 3.870604748919845295e-01 1.000000000000000000e+00 3.006670255358004362e-01 8.308238953738095178e-01 4.063526054757163886e-01 3.317825947730230762e-01 3.759725368993766526e-01 4.925254654349523475e-01 3.629469669855919789e-01 3.194766976019552396e-01 4.485633393747208708e-01 2.301973787857856668e-01 4.660737410557701521e-01 3.774661746686917008e-01 6.511955188650153659e-01 2.804165565872110966e-01 4.512611907201818373e-01 4.969190164788613862e-01 4.500708637857468442e-01 2.666825531112662073e-01 3.997230330927020736e-01
2.842209098635846143e-01 2.155441588385107465e-01 2.665877339246288114e-01 2.564654568119806854e-01 3.910049054891611142e-01 2.743328994362119189e-01 3.693709232986139845e-01 3.159125329650129266e-01 2.924699558144537859e-01 2.153429053692457185e-01 3.817557613103187975e-01 4.502672380770774141e-01 4.057023366036333067e-01 2.719800400781066108e-01 3.874136647251500976e-01 1.730505547263789523e-01 1.781839357893485187e-01 2.519117666175932357e-01 2.858888750072841045e-01 1.542355180856527785e-01 3.656897288392381151e-01 3.134396329696582106e-01 2.488053511436295329e-01 5.253655025779446763e-01 2.254172836456616591e-01 2.641889560051923769e-01 2.469070309527772178e-01 2.272260101276638855e-01 4.166225040927219458e-01 2.722037641755967186e-01 3.006670255358004362e-01 1.000000000000000000e+00 2.906651391300666409e-01 2.624800826838364909e-01 2.057932588591243894e-01 5.563493952483281602e-01 2.997847069254901964e-01 1.285967537117689019e-01 1.719926217840782590e-01 2.653331306475727458e-01 4.938834671630016881e-01 3.557835647534379753e-01 1.182465538342371697e-01 5.162315964940893398e-01 3.078235610817174339e-01 3.228026315189509998e-01 2.984250736154288042e-01 2.587929116607382563e-01 2.368390387412371845e-01 1.962051638340649995e-01
