1.000000000000000000e+00 4.710014248314438046e-01 6.625473121744669402e-01 4.365278382287545722e-01 5.313314438457134026e-01 6.531794016065392006e-01 5.707097432739137721e-01 6.290346858853460565e-01 3.825425863099370938e-01 5.102352740252227292e-01 6.908208387070150502e-01 3.917585621239246252e-01 3.298465096849105826e-01 8.023143141437312220e-01 7.760191980903831110e-01 6.195308157254338921e-01 2.349078276551778421e-01 4.597036434103807245e-01 3.087593529759309341e-01 5.883743740846260062e-01 6.541316261068611526e-01 6.006405710579746371e-01 7.163599356220690106e-01 4.203617790623470629e-01 5.466231743298333168e-01 1.259909441794631324e-01 4.874584124007967922e-01 5.659585367058344030e-01 5.771846554748847336e-01 5.743322230356122660e-01
4.710014248314438046e-01 1.000000000000000000e+00 5.925336924600542732e-01 5.482746090889772939e-01 6.324543109660738516e-01 6.349199635627590377e-01 7.245511063822661635e-01 6.353423970634893836e-01 5.105884572329434379e-01 6.997236920878833200e-01 5.997919884976607996e-01 6.620984561931594348e-01 5.697129762742428882e-01 4.254438735299640451e-01 3.654759301736412724e-01 5.700735740558434683e-01 4.870991272014708051e-01 8.006725097479536757e-01 4.543797580920079238e-01 6.072772773058061624e-01 5.212251125067005608e-01 6.522856111220045605e-01 6.006795504751112347e-01 3.253847429893899079e-01 6.390152376521383015e-01 2.726197768214715378e-01 6.597390195214047903e-01 5.806424154916104419e-01 4.953972897488634342e-01 5.025767877505747938e-01
6.625473121744669402e-01 5.925336924600542732e-01 1.000000000000000000e+00 4.830542412501426797e-01 5.679025148784132559e-01 6.487739070524589646e-01 6.385486138709509651e-01 8.182116697071630806e-01 4.596639879391451466e-01 6.790112308469467006e-01 7.470469845040861312e-01 5.175934916955352572e-01 4.035948036883645895e-01 6.368071905129540911e-01 6.143261096416617884e-01 7.387757090151704231e-01 3.478814710706871205e-01 6.500154519051025703e-01 3.625548685897460044e-01 5.992006076617389931e-01 6.342410509050825373e-01 8.123984355107650712e-01 9.040987861704466999e-01 2.952334007806640681e-01 6.498071384778293380e-01 1.913983344698864664e-01 5.502768614301628558e-01 5.955799969112282044e-01 8.020750989713560930e-01 5.649655296800547566e-01
4.365278382287545722e-01 5.482746090889772939e-01 4.830542412501426797e-01 1.000000000000000000e+00 5.912331533927364102e-01 4.893500300919647605e-01 4.724536634165838467e-01 5.298348057537100031e-01 5.242938578398046445e-01 6.662836858743083068e-01 4.875543337114173204e-01 5.340645930704154276e-01 3.860429343934403401e-01 4.912024953963651241e-01 3.768682312836809656e-01 5.041239710599150214e-01 2.855901875162074055e-01 5.237368549542936735e-01 3.806317661106459194e-01 5.314278118677906448e-01 5.517684470010941755e-01 4.826558917708130281e-01 4.705039619207608825e-01 3.312037274545814314e-01 7.712288850366904036e-01 1.557097405700544612e-01 6.456358885547059945e-01 4.436222675757408029e-01 3.746324664851965469e-01 4.576606132058976817e-01
5.313314438457134026e-01 6.324543109660738516e-01 5.679025148784132559e-01 5.912331533927364102e-01 1.000000000000000000e+00 6.528279268126919721e-01 6.647136782256279908e-01 6.448884977368077864e-01 6.440409012920743637e-01 5.339610699459326204e-01 5.944508550995398766e-01 5.955433554658433604e-01 4.764781320196327941e-01 5.400975918401705878e-01 5.021980338020273216e-01 5.770398929508737673e-01 3.696716927532790464e-01 6.454072775887954583e-01 4.913782163127886071e-01 7.153294599485700012e-01 6.589024561229345212e-01 6.007800795710398489e-01 5.728699881437082642e-01 4.530148196292833052e-01 5.707553044777022855e-01 2.288081879227833459e-01 7.533627900459483051e-01 5.245198724395392365e-01 5.055124013256273585e-01 6.892141717649011845e-01
6.531794016065392006e-01 6.349199635627590377e-01 6.487739070524589646e-01 4.893500300919647605e-01 6.528279268126919721e-01 1.000000000000000000e+00 6.447419319465299559e-01 6.319472584813072835e-01 5.608260645229227181e-01 5.876246764139217982e-01 7.633045655382876271e-01 5.924374464976487342e-01 6.598798566656333131e-01 6.216442186657828994e-01 5.159565216587388425e-01 6.355295584446125634e-01 3.991769371175077907e-01 7.014793136375356841e-01 4.942215759702138222e-01 6.009050968693551154e-01 7.376493114919147054e-01 6.800184663062615043e-01 6.954159549472209711e-01 5.892340291490402171e-01 6.160919990783459976e-01 3.530105085555475530e-01 7.797540067329564728e-01 7.242153543405785987e-01 5.349127193047200635e-01 5.008907857651234696e-01
5.707097432739137721e-01 7.245511063822661635e-01 6.385486138709509651e-01 4.724536634165838467e-01 6.647136782256279908e-01 6.447419319465299559e-01 1.000000000000000000e+00 7.879687603064100543e-01 4.207493674993888488e-01 6.212587609660200627e-01 7.140060779060974916e-01 4.909373584252936795e-01 4.992682746315644793e-01 5.451989019768720413e-01 5.376933176861361519e-01 7.038433025049180003e-01 3.407962411087752663e-01 5.994004887506578783e-01 4.639604597537295150e-01 7.651399722183757079e-01 5.179381387953776450e-01 5.756975990684300992e-01 6.310813070572629524e-01 4.256524756197340165e-01 5.617118541815823152e-01 2.057558480986179383e-01 5.514838479140879990e-01 6.769035326030582445e-01 5.139783568424232119e-01 6.641738413024933507e-01
6.290346858853460565e-01 6.353423970634893836e-01 8.182116697071630806e-01 5.298348057537100031e-01 6.448884977368077864e-01 6.319472584813072835e-01 7.879687603064100543e-01 1.000000000000000000e+00 4.410000416068284301e-01 6.987463725721398955e-01 7.662877274237592795e-01 4.909413469951242615e-01 4.031008110237064290e-01 6.178130731947873988e-01 6.292383781146205779e-01 8.008469791221779488e-01 3.141119264969970959e-01 6.123347791652603567e-01 4.294565419508923343e-01 7.353076404810616751e-01 5.747610414393565792e-01 6.952644234712990201e-01 7.512984768272835678e-01 3.425575254015182369e-01 6.720152215020618325e-01 1.672468642569366060e-01 5.353734405660121043e-01 6.400438482784640559e-01 6.609685104443343562e-01 6.699466940832887740e-01
3.825425863099370938e-01 5.105884572329434379e-01 4.596639879391451466e-01 5.242938578398046445e-01 6.440409012920743637e-01 5.608260645229227181e-01 4.207493674993888488e-01 4.410000416068284301e-01 1.000000000000000000e+00 4.318991433524642098e-01 4.991943012619718401e-01 7.867156685356695434e-01 5.356844522393625629e-01 3.660386931144454792e-01 3.058113952108417744e-01 4.517102877658252247e-01 5.164395051806408565e-01 6.558795216354232904e-01 4.598144796793344757e-01 4.825805369736909101e-01 7.198996071293930488e-01 5.200532423068903176e-01 5.299998262007233896e-01 2.826499498152292289e-01 5.033511957765351985e-01 3.156691547420022448e-01 8.134962836462648061e-01 4.247567581356135324e-01 3.879151075377549884e-01 4.505432621137988591e-01
5.102352740252227292e-01 6.997236920878833200e-01 6.790112308469467006e-01 6.662836858743083068e-01 5.339610699459326204e-01 5.876246764139217982e-01 6.212587609660200627e-01 6.987463725721398955e-01 4.318991433524642098e-01 1.000000000000000000e+00 6.139725707197033477e-01 5.199213033126968142e-01 4.630035626530683013e-01 5.188058781108579876e-01 4.423887556609784055e-01 6.395390636217430647e-01 3.248960315700311630e-01 6.531766571515688069e-01 4.102661222970471200e-01 5.563611604589885351e-01 5.623670057608773920e-01 7.048437715107296331e-01 6.299423945023202576e-01 3.240976037182939362e-01 8.253595860060428668e-01 1.694801214357225527e-01 5.661788381111105828e-01 5.626356968756982546e-01 5.755467803777442048e-01 4.973050605259007328e-01
6.908208387070150502e-01 5.997919884976607996e-01 7.470469845040861312e-01 4.875543337114173204e-01 5.944508550995398766e-01 7.633045655382876271e-01 7.140060779060974916e-01 7.662877274237592795e-01 4.991943012619718401e-01 6.139725707197033477e-01 1.000000000000000000e+00 5.386560394300091703e-01 5.232903923320232353e-01 6.399985637111832437e-01 6.043161764236288924e-01 8.017915076545422126e-01 3.456267245979633418e-01 6.156841251585545294e-01 4.416401673775571801e-01 6.889104183482452903e-01 6.673545012680002220e-01 6.591540276564193945e-01 7.720400061514066659e-01 4.350556084643795174e-01 6.226011659464784076e-01 2.324883080993647155e-01 6.044523074484194902e-01 8.045284228434446128e-01 6.002692305020844721e-01 6.175681976983541377e-01
3.917585621239246252e-01 6.620984561931594348e-01 5.175934916955352572e-01 5.340645930704154276e-01 5.955433554658433604e-01 5.924374464976487342e-01 4.909373584252936795e-01 4.909413469951242615e-01 7.867156685356695434e-01 5.199213033126968142e-01 5.386560394300091703e-01 1.000000000000000000e+00 6.025143161675373671e-01 3.547321636618019358e-01 2.971162090722563320e-01 4.480019486197555079e-01 5.979084232899191109e-01 7.775394963571432561e-01 4.811782364903883780e-01 5.008609327473999562e-01 5.740935797148440933e-01 5.896771545997306907e-01 5.730633508202288562e-01 2.672684419363731689e-01 5.578214893037487521e-01 3.640174439401760442e-01 7.907650272960532467e-01 4.706925229018606993e-01 4.456061924354302040e-01 4.155667130136921350e-01
3.298465096849105826e-01 5.697129762742428882e-01 4.035948036883645895e-01 3.860429343934403401e-01 4.764781320196327941e-01 6.598798566656333131e-01 4.992682746315644793e-01 4.031008110237064290e-01 5.356844522393625629e-01 4.630035626530683013e-01 5.232903923320232353e-01 6.025143161675373671e-01 1.000000000000000000e+00 3.116068870992497741e-01 2.147457571243703012e-01 3.987357059370905676e-01 4.979118216053139978e-01 6.220117566054007563e-01 4.567250508357647565e-01 4.359640032590623715e-01 5.133493769978247911e-01 4.721843400078373776e-01 4.594691113051251885e-01 4.128669195963138305e-01 4.520007007702270818e-01 4.445664909455585567e-01 6.326480712019176833e-01 6.147189694505711399e-01 3.411428333945021873e-01 3.146403366096300336e-01
8.023143141437312220e-01 4.254438735299640451e-01 6.368071905129540911e-01 4.912024953963651241e-01 5.400975918401705878e-01 6.216442186657828994e-01 5.451989019768720413e-01 6.178130731947873988e-01 3.660386931144454792e-01 5.188058781108579876e-01 6.399985637111832437e-01 3.547321636618019358e-01 3.116068870992497741e-01 1.000000000000000000e+00 7.648527483778465585e-01 5.933914928486838658e-01 1.794416347982515370e-01 4.115635109993360241e-01 3.485911718754373112e-01 5.569298649957129532e-01 5.841427187870518178e-01 5.645433844216847241e-01 6.323318880142863030e-01 4.521819676278733824e-01 5.741678019742592065e-01 1.004313374128983222e-01 4.903957445764237644e-01 5.237384159060982647e-01 5.503423763838610761e-01 5.591751347760851587e-01
7.760191980903831110e-01 3.654759301736412724e-01 6.143261096416617884e-01 3.768682312836809656e-01 5.021980338020273216e-01 5.159565216587388425e-01 5.376933176861361519e-01 6.292383781146205779e-01 3.058113952108417744e-01 4.423887556609784055e-01 6.043161764236288924e-01 2.971162090722563320e-01 2.147457571243703012e-01 7.648527483778465585e-01 1.000000000000000000e+00 5.984813096462923143e-01 1.605892241009559962e-01 3.452198864988857974e-01 3.218836266046751771e-01 5.599803622128036729e-01 4.925484989011809644e-01 4.873713947287627857e-01 6.027732818120593583e-01 3.381847807274839801e-01 4.602280726124918231e-01 7.444381412779463303e-02 3.952584106322275526e-01 4.853269432577980713e-01 5.042936599733702785e-01 5.861580659871857835e-01
6.195308157254338921e-01 5.700735740558434683e-01 7.387757090151704231e-01 5.041239710599150214e-01 5.770398929508737673e-01 6.355295584446125634e-01 7.038433025049180003e-01 8.008469791221779488e-01 4.517102877658252247e-01 6.395390636217430647e-01 8.017915076545422126e-01 4.480019486197555079e-01 3.987357059370905676e-01 5.933914928486838658e-01 5.984813096462923143e-01 1.000000000000000000e+00 2.903395214075560338e-01 5.300343864313377118e-01 4.326500546692331750e-01 6.651524947649443131e-01 5.894474343062976462e-01 5.947723316131012794e-01 6.897133238451815807e-01 3.775749281482152497e-01 6.201056459428514467e-01 1.776607697995864488e-01 5.340484550852632184e-01 7.161073992021356194e-01 5.452194022781097216e-01 6.141479148962916135e-01
2.349078276551778421e-01 4.870991272014708051e-01 3.478814710706871205e-01 2.855901875162074055e-01 3.696716927532790464e-01 3.991769371175077907e-01 3.407962411087752663e-01 3.141119264969970959e-01 5.164395051806408565e-01 3.248960315700311630e-01 3.456267245979633418e-01 5.979084232899191109e-01 4.979118216053139978e-01 1.794416347982515370e-01 1.605892241009559962e-01 2.903395214075560338e-01 1.000000000000000000e+00 5.482974956984540960e-01 3.414619456187456548e-01 3.521227400844387234e-01 3.614303345133446643e-01 3.939277757294454840e-01 3.951236266310634293e-01 1.418659447620007341e-01 3.393695852564985738e-01 3.273255642554289691e-01 5.044144378566838283e-01 3.099267311531034852e-01 2.976360966300680144e-01 2.521906108735565422e-01
4.597036434103807245e-01 8.006725097479536757e-01 6.500154519051025703e-01 5.237368549542936735e-01 6.454072775887954583e-01 7.014793136375356841e-01 5.994004887506578783e-01 6.123347791652603567e-01 6.558795216354232904e-01 6.531766571515688069e-01 6.156841251585545294e-01 7.775394963571432561e-01 6.220117566054007563e-01 4.115635109993360241e-01 3.452198864988857974e-01 5.300343864313377118e-01 5.482974956984540960e-01 1.000000000000000000e+00 4.378917570953219651e-01 5.478976255844022480e-01 6.392427654783459090e-01 7.829880142547623878e-01 6.948848188528092829e-01 2.747206208795819893e-01 6.494254973686345300e-01 3.462232904788358212e-01 7.790339245866215734e-01 5.631773088548153172e-01 5.820895903585072695e-01 4.603615630322089314e-01
3.087593529759309341e-01 4.543797580920079238e-01 3.625548685897460044e-01 3.806317661106459194e-01 4.913782163127886071e-01 4.942215759702138222e-01 4.639604597537295150e-01 4.294565419508923343e-01 4.598144796793344757e-01 4.102661222970471200e-01 4.416401673775571801e-01 4.811782364903883780e-01 4.567250508357647565e-01 3.485911718754373112e-01 3.218836266046751771e-01 4.326500546692331750e-01 3.414619456187456548e-01 4.378917570953219651e-01 1.000000000000000000e+00 4.446332905313931660e-01 3.929790752695175304e-01 3.642825508293348058e-01 3.426381749771205687e-01 4.145939722584892628e-01 4.140039927598288538e-01 2.656134492964581373e-01 5.370640661780005098e-01 4.276302345645792702e-01 2.618896178128353736e-01 4.022184265044518314e-01
5.883743740846260062e-01 6.072772773058061624e-01 5.992006076617389931e-01 5.314278118677906448e-01 7.153294599485700012e-01 6.009050968693551154e-01 7.651399722183757079e-01 7.353076404810616751e-01 4.825805369736909101e-01 5.563611604589885351e-01 6.889104183482452903e-01 5.008609327473999562e-01 4.359640032590623715e-01 5.569298649957129532e-01 5.599803622128036729e-01 6.651524947649443131e-01 3.521227400844387234e-01 5.478976255844022480e-01 4.446332905313931660e-01 1.000000000000000000e+00 5.923171071523224418e-01 5.476008677446635442e-01 6.123967846117978064e-01 4.385602607040374190e-01 5.566791575494862698e-01 2.137685228401886017e-01 5.743638490258985430e-01 5.899254222524250579e-01 4.878283272191509812e-01 7.819406714533436720e-01
6.541316261068611526e-01 5.212251125067005608e-01 6.342410509050825373e-01 5.517684470010941755e-01 6.589024561229345212e-01 7.376493114919147054e-01 5.179381387953776450e-01 5.747610414393565792e-01 7.198996071293930488e-01 5.623670057608773920e-01 6.673545012680002220e-01 5.740935797148440933e-01 5.133493769978247911e-01 5.841427187870518178e-01 4.925484989011809644e-01 5.894474343062976462e-01 3.614303345133446643e-01 6.392427654783459090e-01 3.929790752695175304e-01 5.923171071523224418e-01 1.000000000000000000e+00 7.032157765307387454e-01 7.314180127545505394e-01 4.678970570320320488e-01 6.192411996577732447e-01 2.381561562952332067e-01 7.279451375919353540e-01 5.921744575865445226e-01 5.766285972977608365e-01 5.507456636433567532e-01
6.006405710579746371e-01 6.522856111220045605e-01 8.123984355107650712e-01 4.826558917708130281e-01 6.007800795710398489e-01 6.800184663062615043e-01 5.756975990684300992e-01 6.952644234712990201e-01 5.200532423068903176e-01 7.048437715107296331e-01 6.591540276564193945e-01 5.896771545997306907e-01 4.721843400078373776e-01 5.645433844216847241e-01 4.873713947287627857e-01 5.947723316131012794e-01 3.939277757294454840e-01 7.829880142547623878e-01 3.642825508293348058e-01 5.476008677446635442e-01 7.032157765307387454e-01 1.000000000000000000e+00 7.948299647675028945e-01 3.237964237061013995e-01 6.721560172798395350e-01 2.289281289455073198e-01 6.114281919794084530e-01 5.563079115137687936e-01 8.150465612615346300e-01 5.145888999312054901e-01
7.163599356220690106e-01 6.006795504751112347e-01 9.040987861704466999e-01 4.705039619207608825e-01 5.728699881437082642e-01 6.954159549472209711e-01 6.310813070572629524e-01 7.512984768272835678e-01 5.299998262007233896e-01 6.299423945023202576e-01 7.720400061514066659e-01 5.730633508202288562e-01 4.594691113051251885e-01 6.323318880142863030e-01 6.027732818120593583e-01 6.897133238451815807e-01 3.951236266310634293e-01 6.948848188528092829e-01 3.426381749771205687e-01 6.123967846117978064e-01 7.314180127545505394e-01 7.948299647675028945e-01 1.000000000000000000e+00 3.095595542614769102e-01 6.224002121028507917e-01 2.239432215121189562e-01 6.074220524861918546e-01 6.048597330578407982e-01 7.642204560391451240e-01 5.635535276464269661e-01
4.203617790623470629e-01 3.253847429893899079e-01 2.952334007806640681e-01 3.312037274545814314e-01 4.530148196292833052e-01 5.892340291490402171e-01 4.256524756197340165e-01 3.425575254015182369e-01 2.826499498152292289e-01 3.240976037182939362e-01 4.350556084643795174e-01 2.672684419363731689e-01 4.128669195963138305e-01 4.521819676278733824e-01 3.381847807274839801e-01 3.775749281482152497e-01 1.418659447620007341e-01 2.747206208795819893e-01 4.145939722584892628e-01 4.385602607040374190e-01 4.678970570320320488e-01 3.237964237061013995e-01 3.095595542614769102e-01 1.000000000000000000e+00 3.502288527000650964e-01 1.922093660978640706e-01 4.476015130252967711e-01 4.517380876853957505e-01 2.213346884246251145e-01 3.423379967107058053e-01
5.466231743298333168e-01 6.390152376521383015e-01 6.498071384778293380e-01 7.712288850366904036e-01 5.707553044777022855e-01 6.160919990783459976e-01 5.617118541815823152e-01 6.720152215020618325e-01 5.033511957765351985e-01 8.253595860060428668e-01 6.226011659464784076e-01 5.578214893037487521e-01 4.520007007702270818e-01 5.741678019742592065e-01 4.602280726124918231e-01 6.201056459428514467e-01 3.393695852564985738e-01 6.494254973686345300e-01 4.140039927598288538e-01 5.566791575494862698e-01 6.192411996577732447e-01 6.721560172798395350e-01 6.224002121028507917e-01 3.502288527000650964e-01 1.000000000000000000e+00 1.821602912073222447e-01 6.394232112096452925e-01 5.559226175922178381e-01 5.443388368085217976e-01 4.844078266368757602e-01
1.259909441794631324e-01 2.726197768214715378e-01 1.913983344698864664e-01 1.557097405700544612e-01 2.288081879227833459e-01 3.530105085555475530e-01 2.057558480986179383e-01 1.672468642569366060e-01 3.156691547420022448e-01 1.694801214357225527e-01 2.324883080993647155e-01 3.640174439401760442e-01 4.445664909455585567e-01 1.004313374128983222e-01 7.444381412779463303e-02 1.776607697995864488e-01 3.273255642554289691e-01 3.462232904788358212e-01 2.656134492964581373e-01 2.137685228401886017e-01 2.381561562952332067e-01 2.289281289455073198e-01 2.239432215121189562e-01 1.922093660978640706e-01 1.821602912073222447e-01 1.000000000000000000e+00 3.609914494983583189e-01 2.561557713319959073e-01 1.387191191205148499e-01 1.492789673414372520e-01
4.874584124007967922e-01 6.597390195214047903e-01 5.502768614301628558e-01 6.456358885547059945e-01 7.533627900459483051e-01 7.797540067329564728e-01 5.514838479140879990e-01 5.353734405660121043e-01 8.134962836462648061e-01 5.661788381111105828e-01 6.044523074484194902e-01 7.907650272960532467e-01 6.326480712019176833e-01 4.903957445764237644e-01 3.952584106322275526e-01 5.340484550852632184e-01 5.044144378566838283e-01 7.790339245866215734e-01 5.370640661780005098e-01 5.743638490258985430e-01 7.279451375919353540e-01 6.114281919794084530e-01 6.074220524861918546e-01 4.476015130252967711e-01 6.394232112096452925e-01 3.609914494983583189e-01 1.000000000000000000e+00 5.685231150524576726e-01 4.326869125077778544e-01 4.862781493354080276e-01
5.659585367058344030e-01 5.806424154916104419e-01 5.955799969112282044e-01 4.436222675757408029e-01 5.245198724395392365e-01 7.242153543405785987e-01 6.769035326030582445e-01 6.400438482784640559e-01 4.247567581356135324e-01 5.626356968756982546e-01 8.045284228434446128e-01 4.706925229018606993e-01 6.147189694505711399e-01 5.237384159060982647e-01 4.853269432577980713e-01 7.161073992021356194e-01 3.099267311531034852e-01 5.631773088548153172e-01 4.276302345645792702e-01 5.899254222524250579e-01 5.921744575865445226e-01 5.563079115137687936e-01 6.048597330578407982e-01 4.517380876853957505e-01 5.559226175922178381e-01 2.561557713319959073e-01 5.685231150524576726e-01 1.000000000000000000e+00 4.623192937984595963e-01 4.837729417430011170e-01
5.771846554748847336e-01 4.953972897488633786e-01 8.020750989713560930e-01 3.746324664851965469e-01 5.055124013256273585e-01 5.349127193047200635e-01 5.139783568424231008e-01 6.609685104443343562e-01 3.879151075377550995e-01 5.755467803777440938e-01 6.002692305020845831e-01 4.456061924354302040e-01 3.411428333945022429e-01 5.503423763838610761e-01 5.042936599733702785e-01 5.452194022781098326e-01 2.976360966300681254e-01 5.820895903585072695e-01 2.618896178128353736e-01 4.878283272191509812e-01 5.766285972977608365e-01 8.150465612615347410e-01 7.642204560391452350e-01 2.213346884246250867e-01 5.443388368085217976e-01 1.387191191205148499e-01 4.326869125077778544e-01 4.623192937984595963e-01 1.000000000000000000e+00 4.822460605500756281e-01
5.743322230356122660e-01 5.025767877505747938e-01 5.649655296800548676e-01 4.576606132058976817e-01 6.892141717649015176e-01 5.008907857651234696e-01 6.641738413024933507e-01 6.699466940832887740e-01 4.505432621137988036e-01 4.973050605259006773e-01 6.175681976983540267e-01 4.155667130136921350e-01 3.146403366096299781e-01 5.591751347760851587e-01 5.861580659871857835e-01 6.141479148962917245e-01 2.521906108735564311e-01 4.603615630322088759e-01 4.022184265044519424e-01 7.819406714533438940e-01 5.507456636433567532e-01 5.145888999312053791e-01 5.635535276464270771e-01 3.423379967107056387e-01 4.844078266368758712e-01 1.492789673414372520e-01 4.862781493354080276e-01 4.837729417430011170e-01 4.822460605500756281e-01 1.000000000000000000e+00
