1.000000000000000000e+00 4.831159317256812913e-01 6.002587964752366112e-01 6.553492112365205680e-01 4.646081284621832452e-01 5.438543399497122177e-01 5.689276460418537518e-01 4.694641711046030341e-01 6.937369148279679543e-01 5.483710343846687207e-01 3.060950208511025727e-01 4.680914318028002175e-01 5.780642980990677859e-01 3.424013232763010728e-01 4.399709867485218084e-01 6.213478107466994249e-01 4.505033636678913433e-01 5.052530065062937892e-01 5.673190968599596262e-01 3.738709629321094741e-01 5.502421424545911322e-01 3.564062121328407939e-01 4.277424817625649078e-01 5.385215610222778837e-01 2.859477981667013502e-01 4.712394951508289687e-01 6.065440072437322527e-01 4.640620956057384117e-01 6.714272858420244905e-01 4.269646532673043171e-01
4.831159317256812913e-01 1.000000000000000000e+00 5.558810690658896325e-01 5.066544023014284415e-01 5.961691640586568308e-01 5.316689675936520088e-01 5.627654416734813037e-01 7.072480120988252628e-01 3.904300721819681796e-01 7.115570466794919335e-01 2.387648524814576234e-01 5.383467296793448265e-01 4.236495316097865227e-01 4.854759402637692789e-01 6.028442772138457029e-01 7.219674067952501773e-01 4.556129595574019420e-01 5.290108868775057482e-01 6.505356910112213287e-01 5.751834351625522146e-01 3.335379164771992144e-01 4.430005755269691980e-01 2.622697673939345941e-01 6.896375907665706073e-01 3.635561341233395360e-01 7.522050902956521901e-01 5.160038402842441752e-01 6.627484627447407517e-01 5.861130545908921352e-01 6.952386701274601011e-01
6.002587964752366112e-01 5.558810690658896325e-01 1.000000000000000000e+00 4.590105481830271117e-01 5.007280230926788311e-01 7.464251661126587445e-01 7.556984105809314567e-01 5.925625238856063737e-01 6.205011592133032883e-01 5.978330634306550095e-01 3.808176181813371364e-01 7.805589459297287425e-01 7.166085012064553617e-01 4.203454633598446843e-01 6.578920086637219944e-01 6.805560920197245567e-01 3.133795812101257683e-01 4.048661730406863946e-01 5.113664203134947739e-01 4.107826468413769416e-01 4.529455273416875261e-01 3.477444550338643081e-01 4.245894277802181316e-01 4.770707063918409041e-01 4.948277577801055704e-01 5.770765446973170620e-01 4.991053282924409751e-01 5.633812193116000122e-01 5.071465727749481234e-01 5.628312252292361206e-01
6.553492112365205680e-01 5.066544023014284415e-01 4.590105481830271117e-01 1.000000000000000000e+00 5.699923305855826294e-01 3.597550869443844057e-01 5.085050817541811874e-01 5.553028618581161702e-01 5.175449458672293224e-01 5.522989819758917784e-01 3.602996377473450251e-01 3.127149466052447924e-01 3.724703459769576064e-01 4.493396543920084585e-01 4.781545216318149882e-01 5.700755747041285071e-01 5.617329881774746347e-01 6.238118740380649285e-01 5.683610996311522223e-01 4.510794014848154010e-01 6.087923514348595466e-01 5.055605666521454378e-01 4.045694626854743903e-01 6.676770037674444325e-01 3.012245261706034682e-01 4.738911707405714657e-01 6.938484791084320591e-01 4.737842452144432337e-01 7.502707921842011185e-01 4.801748495733255129e-01
4.646081284621832452e-01 5.961691640586568308e-01 5.007280230926788311e-01 5.699923305855826294e-01 1.000000000000000000e+00 4.484871688066047746e-01 4.876233150484663992e-01 6.040982092382005675e-01 4.167916833712290714e-01 7.056100153935751518e-01 3.853976032663656293e-01 4.305781207488773021e-01 4.368224206393738762e-01 6.404876697598662627e-01 5.181304249559134378e-01 5.794587245327049718e-01 6.418290341474147676e-01 6.005113326753666048e-01 6.831904334237509646e-01 6.909843854447115241e-01 3.523124600763232195e-01 6.431759078613957792e-01 3.838036369312537999e-01 5.133254887070455297e-01 3.566584810288526142e-01 7.142878819967374282e-01 6.042825739429439347e-01 4.350082731583441165e-01 5.197818924031760712e-01 6.304086394744874422e-01
5.438543399497122177e-01 5.316689675936520088e-01 7.464251661126587445e-01 3.597550869443844057e-01 4.484871688066047746e-01 1.000000000000000000e+00 5.463568802830180982e-01 6.972061274685938947e-01 4.689455307714369692e-01 4.905550903482759351e-01 3.995496556538789545e-01 7.701766184620939537e-01 5.467762228254372525e-01 4.818730760731140816e-01 5.521031864373732168e-01 6.261621586137069428e-01 2.744076364052636108e-01 3.031176532684040636e-01 3.951429097744169616e-01 4.288612119747796103e-01 3.285989879931672242e-01 2.925265491830116305e-01 4.559625284180163773e-01 3.618405202194982517e-01 6.472210247318761489e-01 5.177199097658613525e-01 4.347621222896371207e-01 5.698475161336741257e-01 4.241377680033386888e-01 5.926460818286858334e-01
5.689276460418537518e-01 5.627654416734813037e-01 7.556984105809314567e-01 5.085050817541811874e-01 4.876233150484663992e-01 5.463568802830180982e-01 1.000000000000000000e+00 4.629576445099237159e-01 6.361851658072756877e-01 6.301204406633506006e-01 3.311514993519305006e-01 6.070555587453870805e-01 6.043810480473634783e-01 4.035231895826041359e-01 6.586364366130174064e-01 6.835139296695271760e-01 3.499841669961644697e-01 4.944041723387666010e-01 6.350907212787292311e-01 3.829686047540051264e-01 4.665631776044614210e-01 3.959605165068655896e-01 3.795884615240568416e-01 6.049588549484540279e-01 3.529853111281612277e-01 6.143910267349576015e-01 5.732112137612500602e-01 5.051837266408327753e-01 6.440926049386196395e-01 4.873756166204970541e-01
4.694641711046030341e-01 7.072480120988252628e-01 5.925625238856063737e-01 5.553028618581161702e-01 6.040982092382005675e-01 6.972061274685938947e-01 4.629576445099237159e-01 1.000000000000000000e+00 3.508292871693105552e-01 5.822686212460549404e-01 3.081451519878284917e-01 5.999384746450185935e-01 4.171662546492138079e-01 6.005219009148661247e-01 5.758844423087462472e-01 6.509298099167041274e-01 4.298124768622951786e-01 4.287624421784957951e-01 4.949852541674339967e-01 5.974453973868429912e-01 3.219439469988614189e-01 4.460206518904849537e-01 3.632026507527503778e-01 4.810886771796474282e-01 5.674223682303261018e-01 6.383670896934940941e-01 5.385207875983307746e-01 6.593904844484106409e-01 5.149051553446276630e-01 7.851066642999583456e-01
6.937369148279679543e-01 3.904300721819681796e-01 6.205011592133032883e-01 5.175449458672293224e-01 4.167916833712290714e-01 4.689455307714369692e-01 6.361851658072756877e-01 3.508292871693105552e-01 1.000000000000000000e+00 5.095203375159530479e-01 3.000417205692089140e-01 5.330304969181672847e-01 5.757077030569065501e-01 3.461256601517954112e-01 4.420175528000021559e-01 4.768658388574060214e-01 3.806371915076253720e-01 4.050782798749774649e-01 5.928352781007045769e-01 3.308955691411643030e-01 4.538047995051908701e-01 3.129018395993873325e-01 3.849667849459673663e-01 4.313440909205444873e-01 3.129229157080103962e-01 4.642280432702471926e-01 5.846858901666102115e-01 3.710799410745481697e-01 5.653005229612712013e-01 3.808391857611763687e-01
5.483710343846687207e-01 7.115570466794919335e-01 5.978330634306550095e-01 5.522989819758917784e-01 7.056100153935751518e-01 4.905550903482759351e-01 6.301204406633506006e-01 5.822686212460549404e-01 5.095203375159530479e-01 1.000000000000000000e+00 3.518732925334934203e-01 4.969767936688582188e-01 4.881968125728604058e-01 5.217709947599441511e-01 5.689799746809464098e-01 7.064141049108811909e-01 5.214275565476005347e-01 5.650691073583925528e-01 7.416326906551101716e-01 5.467955529345628340e-01 3.570575793222653949e-01 4.807312295229133614e-01 4.358636857915494933e-01 6.087058817362300811e-01 3.421639849959525748e-01 7.471160032247671223e-01 6.316706671602775325e-01 4.403788615408681384e-01 5.631545084557547654e-01 6.237776633953914240e-01
3.060950208511025727e-01 2.387648524814576234e-01 3.808176181813371364e-01 3.602996377473450251e-01 3.853976032663656293e-01 3.995496556538789545e-01 3.311514993519305006e-01 3.081451519878284917e-01 3.000417205692089140e-01 3.518732925334934203e-01 1.000000000000000000e+00 3.478832805076176315e-01 2.733968065532080272e-01 5.114013516491153766e-01 4.205104005356988250e-01 3.346658659600832419e-01 2.518892481695360064e-01 4.894541313327636090e-01 2.544267103927363438e-01 3.348020407473596416e-01 4.403051382324094654e-01 4.281523312572067530e-01 5.422472293407621935e-01 3.323030883006714564e-01 4.177999455631516423e-01 2.918379910921022891e-01 3.120105076861943716e-01 2.861441715094226734e-01 2.526083746959391640e-01 3.179450939488819294e-01
4.680914318028002175e-01 5.383467296793448265e-01 7.805589459297287425e-01 3.127149466052447924e-01 4.305781207488773021e-01 7.701766184620939537e-01 6.070555587453870805e-01 5.999384746450185935e-01 5.330304969181672847e-01 4.969767936688582188e-01 3.478832805076176315e-01 1.000000000000000000e+00 5.644005781512457798e-01 4.421475299107031076e-01 6.355883544766780524e-01 5.810455861808526690e-01 2.541345555631396302e-01 3.377267923456621079e-01 4.528371771639209120e-01 4.123551429451744466e-01 2.855185290670528842e-01 3.032347104143585659e-01 3.501146595017657903e-01 3.737597946118096925e-01 5.307714237085691122e-01 5.873789094157004786e-01 4.003179151789738044e-01 6.370666931153746715e-01 3.889427227424462341e-01 5.753441901958903371e-01
5.780642980990677859e-01 4.236495316097865227e-01 7.166085012064553617e-01 3.724703459769576064e-01 4.368224206393738762e-01 5.467762228254372525e-01 6.043810480473634783e-01 4.171662546492138079e-01 5.757077030569065501e-01 4.881968125728604058e-01 2.733968065532080272e-01 5.644005781512457798e-01 1.000000000000000000e+00 2.439128292787236807e-01 4.305164110141004863e-01 4.732872791798108936e-01 2.563889487424020341e-01 3.134344929789046330e-01 4.563564895272035904e-01 2.771437412426158708e-01 4.727279162742174523e-01 1.955261548075208078e-01 3.096422011233555538e-01 3.890434696430128958e-01 3.799788774710372019e-01 4.481593709135238135e-01 3.976148665013575778e-01 3.842843395534261131e-01 3.868918744995540338e-01 3.813710399118556138e-01
3.424013232763010728e-01 4.854759402637692789e-01 4.203454633598446843e-01 4.493396543920084585e-01 6.404876697598662627e-01 4.818730760731140816e-01 4.035231895826041359e-01 6.005219009148661247e-01 3.461256601517954112e-01 5.217709947599441511e-01 5.114013516491153766e-01 4.421475299107031076e-01 2.439128292787236807e-01 1.000000000000000000e+00 5.512742056999581086e-01 4.911408774981423919e-01 5.525929675519960504e-01 5.934021946811317560e-01 4.788019614562250004e-01 7.148166601648405782e-01 2.365049102107512624e-01 7.023988793544654330e-01 5.002446707312371288e-01 4.200025556885077505e-01 4.685137366897020872e-01 6.089144868820887124e-01 5.168630909495628423e-01 4.389357184289666147e-01 4.104398452038366951e-01 6.396304679989733843e-01
4.399709867485218084e-01 6.028442772138457029e-01 6.578920086637219944e-01 4.781545216318149882e-01 5.181304249559134378e-01 5.521031864373732168e-01 6.586364366130174064e-01 5.758844423087462472e-01 4.420175528000021559e-01 5.689799746809464098e-01 4.205104005356988250e-01 6.355883544766780524e-01 4.305164110141004863e-01 5.512742056999581086e-01 1.000000000000000000e+00 6.776391035050517431e-01 3.829141643373653592e-01 5.494109108919927875e-01 4.608577697098955595e-01 4.804903485492726944e-01 4.076216434982268821e-01 5.097268617384623779e-01 4.321065375802121133e-01 5.299585778603718156e-01 4.756663494656984681e-01 6.080383521374240763e-01 4.848133109393698015e-01 6.851216147421311797e-01 5.099430422028080612e-01 6.041854504116197511e-01
6.213478107466994249e-01 7.219674067952501773e-01 6.805560920197245567e-01 5.700755747041285071e-01 5.794587245327049718e-01 6.261621586137069428e-01 6.835139296695271760e-01 6.509298099167041274e-01 4.768658388574060214e-01 7.064141049108811909e-01 3.346658659600832419e-01 5.810455861808526690e-01 4.732872791798108936e-01 4.911408774981423919e-01 6.776391035050517431e-01 1.000000000000000000e+00 4.692196266456576947e-01 5.510882607670763988e-01 5.809464752274822175e-01 5.247328996166090720e-01 4.067989641509643928e-01 4.724672975711182721e-01 4.024044878601422126e-01 6.743566317306814994e-01 4.090824352907080352e-01 6.203851159182672825e-01 5.633450322283192202e-01 6.062238322163220339e-01 7.026744157216707753e-01 5.666229974996599417e-01
4.505033636678913433e-01 4.556129595574019420e-01 3.133795812101257683e-01 5.617329881774746347e-01 6.418290341474147676e-01 2.744076364052636108e-01 3.499841669961644697e-01 4.298124768622951786e-01 3.806371915076253720e-01 5.214275565476005347e-01 2.518892481695360064e-01 2.541345555631396302e-01 2.563889487424020341e-01 5.525929675519960504e-01 3.829141643373653592e-01 4.692196266456576947e-01 1.000000000000000000e+00 6.550752293345355470e-01 6.098556690222255439e-01 7.782207771562278387e-01 3.150261953094925516e-01 6.863575403462511826e-01 3.057471332308646650e-01 4.985896366371493915e-01 2.114658936762892072e-01 5.768184665408570000e-01 6.155673219266168950e-01 3.130636669320478460e-01 5.233875450336658020e-01 4.776762740460966938e-01
5.052530065062937892e-01 5.290108868775057482e-01 4.048661730406863946e-01 6.238118740380649285e-01 6.005113326753666048e-01 3.031176532684040636e-01 4.944041723387666010e-01 4.287624421784957951e-01 4.050782798749774649e-01 5.650691073583925528e-01 4.894541313327636090e-01 3.377267923456621079e-01 3.134344929789046330e-01 5.934021946811317560e-01 5.494109108919927875e-01 5.510882607670763988e-01 6.550752293345355470e-01 1.000000000000000000e+00 6.088357766337293420e-01 6.075804421023702773e-01 4.814464150019916455e-01 7.449806682624037224e-01 4.159081563255416780e-01 6.307868133785752285e-01 2.102393523668701358e-01 5.794979725816618021e-01 5.519554184241273198e-01 4.681484925098636785e-01 5.545386169515813535e-01 4.928662441723210552e-01
5.673190968599596262e-01 6.505356910112213287e-01 5.113664203134947739e-01 5.683610996311522223e-01 6.831904334237509646e-01 3.951429097744169616e-01 6.350907212787292311e-01 4.949852541674339967e-01 5.928352781007045769e-01 7.416326906551101716e-01 2.544267103927363438e-01 4.528371771639209120e-01 4.563564895272035904e-01 4.788019614562250004e-01 4.608577697098955595e-01 5.809464752274822175e-01 6.098556690222255439e-01 6.088357766337293420e-01 1.000000000000000000e+00 5.845222539132165496e-01 3.545482991188484978e-01 5.017180336736728474e-01 3.329414561101060599e-01 6.204445928596024062e-01 2.327243078499919571e-01 8.210549519049026301e-01 7.013626821414091772e-01 4.487834790074272662e-01 6.202019794696229660e-01 5.841447732554757577e-01
3.738709629321094741e-01 5.751834351625522146e-01 4.107826468413769416e-01 4.510794014848154010e-01 6.909843854447115241e-01 4.288612119747796103e-01 3.829686047540051264e-01 5.974453973868429912e-01 3.308955691411643030e-01 5.467955529345628340e-01 3.348020407473596416e-01 4.123551429451744466e-01 2.771437412426158708e-01 7.148166601648405782e-01 4.804903485492726944e-01 5.247328996166090720e-01 7.782207771562278387e-01 6.075804421023702773e-01 5.845222539132165496e-01 1.000000000000000000e+00 2.502298118040905961e-01 7.340257917989394532e-01 3.335754576877847377e-01 4.766655653534276893e-01 3.534891516460271776e-01 6.888089580196806727e-01 5.029337317329815038e-01 4.407748196968261367e-01 4.495091901479917329e-01 6.661688871089331831e-01
5.502421424545911322e-01 3.335379164771992144e-01 4.529455273416875261e-01 6.087923514348595466e-01 3.523124600763232195e-01 3.285989879931672242e-01 4.665631776044614210e-01 3.219439469988614189e-01 4.538047995051908701e-01 3.570575793222653949e-01 4.403051382324094654e-01 2.855185290670528842e-01 4.727279162742174523e-01 2.365049102107512624e-01 4.076216434982268821e-01 4.067989641509643928e-01 3.150261953094925516e-01 4.814464150019916455e-01 3.545482991188484978e-01 2.502298118040905961e-01 1.000000000000000000e+00 2.829957820585437545e-01 3.403432629849409974e-01 4.676215946448303296e-01 3.618408452616682092e-01 2.866754773883009588e-01 4.145517496684271164e-01 3.412355543202242325e-01 4.808661827465137151e-01 3.256483520082077421e-01
3.564062121328407939e-01 4.430005755269691980e-01 3.477444550338643081e-01 5.055605666521454378e-01 6.431759078613957792e-01 2.925265491830116305e-01 3.959605165068655896e-01 4.460206518904849537e-01 3.129018395993873325e-01 4.807312295229133614e-01 4.281523312572067530e-01 3.032347104143585659e-01 1.955261548075208078e-01 7.023988793544654330e-01 5.097268617384623779e-01 4.724672975711182721e-01 6.863575403462511826e-01 7.449806682624037224e-01 5.017180336736728474e-01 7.340257917989394532e-01 2.829957820585437545e-01 1.000000000000000000e+00 3.914460811542804786e-01 5.016479028860778566e-01 2.076137185211935077e-01 5.718355893388433753e-01 4.677988235662807748e-01 4.063984931001268786e-01 4.576056195425838302e-01 5.054604270026694657e-01
4.277424817625649078e-01 2.622697673939345941e-01 4.245894277802181316e-01 4.045694626854743903e-01 3.838036369312537999e-01 4.559625284180163773e-01 3.795884615240568416e-01 3.632026507527503778e-01 3.849667849459673663e-01 4.358636857915494933e-01 5.422472293407621935e-01 3.501146595017657903e-01 3.096422011233555538e-01 5.002446707312371288e-01 4.321065375802121133e-01 4.024044878601422126e-01 3.057471332308646650e-01 4.159081563255416780e-01 3.329414561101060599e-01 3.335754576877847377e-01 3.403432629849409974e-01 3.914460811542804786e-01 1.000000000000000000e+00 3.172957175350487602e-01 3.727638739332030382e-01 3.309463958002637485e-01 4.022143343696193973e-01 2.734695470137303297e-01 3.411094108564202698e-01 3.612393914559535180e-01
5.385215610222778837e-01 6.896375907665706073e-01 4.770707063918409041e-01 6.676770037674444325e-01 5.133254887070455297e-01 3.618405202194982517e-01 6.049588549484540279e-01 4.810886771796474282e-01 4.313440909205444873e-01 6.087058817362300811e-01 3.323030883006714564e-01 3.737597946118096925e-01 3.890434696430128958e-01 4.200025556885077505e-01 5.299585778603718156e-01 6.743566317306814994e-01 4.985896366371493915e-01 6.307868133785752285e-01 6.204445928596024062e-01 4.766655653534276893e-01 4.676215946448303296e-01 5.016479028860778566e-01 3.172957175350487602e-01 1.000000000000000000e+00 2.148003922903650442e-01 5.466951303993873301e-01 5.431536763767301768e-01 5.656492902101003528e-01 7.275833751696673124e-01 4.544779027851306719e-01
2.859477981667013502e-01 3.635561341233395360e-01 4.948277577801055704e-01 3.012245261706034682e-01 3.566584810288526142e-01 6.472210247318761489e-01 3.529853111281612277e-01 5.674223682303261018e-01 3.129229157080103962e-01 3.421639849959525748e-01 4.177999455631516423e-01 5.307714237085691122e-01 3.799788774710372019e-01 4.685137366897020872e-01 4.756663494656984681e-01 4.090824352907080352e-01 2.114658936762892072e-01 2.102393523668701358e-01 2.327243078499919571e-01 3.534891516460271776e-01 3.618408452616682092e-01 2.076137185211935077e-01 3.727638739332030382e-01 2.148003922903650442e-01 1.000000000000000000e+00 3.576441535483352308e-01 3.450415807608099295e-01 3.806930300008805612e-01 2.582756458994227011e-01 4.888487590218922874e-01
4.712394951508289687e-01 7.522050902956521901e-01 5.770765446973170620e-01 4.738911707405714657e-01 7.142878819967374282e-01 5.177199097658613525e-01 6.143910267349576015e-01 6.383670896934940941e-01 4.642280432702471926e-01 7.471160032247671223e-01 2.918379910921022891e-01 5.873789094157004786e-01 4.481593709135238135e-01 6.089144868820887124e-01 6.080383521374240763e-01 6.203851159182672825e-01 5.768184665408570000e-01 5.794979725816618021e-01 8.210549519049026301e-01 6.888089580196806727e-01 2.866754773883009588e-01 5.718355893388433753e-01 3.309463958002637485e-01 5.466951303993873301e-01 3.576441535483352308e-01 1.000000000000000000e+00 5.923390779916500870e-01 5.743127325282930684e-01 5.252853619498494275e-01 7.449467788578997274e-01
6.065440072437322527e-01 5.160038402842441752e-01 4.991053282924409751e-01 6.938484791084320591e-01 6.042825739429439347e-01 4.347621222896371207e-01 5.732112137612500602e-01 5.385207875983307746e-01 5.846858901666102115e-01 6.316706671602775325e-01 3.120105076861943716e-01 4.003179151789738044e-01 3.976148665013575778e-01 5.168630909495628423e-01 4.848133109393698015e-01 5.633450322283192202e-01 6.155673219266168950e-01 5.519554184241273198e-01 7.013626821414091772e-01 5.029337317329815038e-01 4.145517496684271164e-01 4.677988235662807748e-01 4.022143343696193973e-01 5.431536763767301768e-01 3.450415807608099295e-01 5.923390779916500870e-01 1.000000000000000000e+00 4.213499299308828827e-01 6.589917683963925077e-01 5.924272010107941577e-01
4.640620956057384117e-01 6.627484627447407517e-01 5.633812193116000122e-01 4.737842452144432337e-01 4.350082731583441165e-01 5.698475161336741257e-01 5.051837266408327753e-01 6.593904844484106409e-01 3.710799410745481697e-01 4.403788615408681384e-01 2.861441715094226734e-01 6.370666931153746715e-01 3.842843395534261131e-01 4.389357184289666147e-01 6.851216147421311797e-01 6.062238322163220339e-01 3.130636669320478460e-01 4.681484925098636785e-01 4.487834790074272662e-01 4.407748196968261367e-01 3.412355543202242325e-01 4.063984931001268786e-01 2.734695470137303297e-01 5.656492902101003528e-01 3.806930300008805612e-01 5.743127325282930684e-01 4.213499299308828827e-01 1.000000000000000000e+00 5.542986874112276752e-01 6.067796311251012487e-01
6.714272858420242684e-01 5.861130545908921352e-01 5.071465727749482344e-01 7.502707921842012295e-01 5.197818924031760712e-01 4.241377680033386333e-01 6.440926049386196395e-01 5.149051553446277740e-01 5.653005229612714233e-01 5.631545084557546543e-01 2.526083746959392196e-01 3.889427227424462896e-01 3.868918744995539782e-01 4.104398452038366951e-01 5.099430422028080612e-01 7.026744157216707753e-01 5.233875450336659130e-01 5.545386169515813535e-01 6.202019794696229660e-01 4.495091901479917329e-01 4.808661827465136596e-01 4.576056195425837192e-01 3.411094108564203253e-01 7.275833751696673124e-01 2.582756458994227011e-01 5.252853619498495386e-01 6.589917683963925077e-01 5.542986874112276752e-01 1.000000000000000000e+00 4.556945080961780081e-01
4.269646532673043171e-01 6.952386701274602121e-01 5.628312252292360096e-01 4.801748495733256239e-01 6.304086394744874422e-01 5.926460818286858334e-01 4.873756166204971652e-01 7.851066642999582346e-01 3.808391857611764797e-01 6.237776633953915351e-01 3.179450939488819294e-01 5.753441901958903371e-01 3.813710399118556138e-01 6.396304679989733843e-01 6.041854504116197511e-01 5.666229974996599417e-01 4.776762740460966938e-01 4.928662441723210552e-01 5.841447732554757577e-01 6.661688871089331831e-01 3.256483520082077421e-01 5.054604270026694657e-01 3.612393914559535180e-01 4.544779027851306719e-01 4.888487590218922874e-01 7.449467788578995053e-01 5.924272010107940467e-01 6.067796311251012487e-01 4.556945080961778416e-01 1.000000000000000000e+00
