1.000000000000000000e+00 7.105137770035621081e-01 5.913329467540981987e-01 6.226158279366099668e-01 7.092680419294455918e-01 6.712412390294245634e-01 7.045706642201783332e-01 5.755797693684439054e-01 6.832609805020430915e-01 7.899218394045141034e-01 7.247753097975639935e-01 6.248822080943879920e-01 7.910839660545088137e-01 6.287765593670596731e-01 6.599019395795455711e-01 6.529273956399508361e-01 4.807810813655202242e-01 5.829065628954844813e-01 5.419934054104905696e-01 6.367539058077731351e-01 5.508959701423831179e-01 5.529346251599597251e-01 6.770880778624703833e-01 5.615395071027928786e-01 5.842907803487940033e-01 6.284904062478816611e-01 6.302007365585781118e-01 7.980284726285544750e-01 5.546681747795021433e-01 5.408723711759012565e-01 5.535027993824196413e-01 6.682541451719949954e-01 5.425648133558904629e-01 3.929331757478374820e-01 5.948806867405860288e-01 5.267508481049248958e-01 5.892279472406056762e-01 5.564904759202269346e-01 5.254941518279434565e-01 6.502741094515245290e-01 5.472188034146641122e-01 4.023229804001811072e-01 4.854050920287392712e-01 6.019297091409627765e-01 5.184075927039387688e-01 5.132699123062713920e-01 5.680396977212780474e-01 4.759300033510607819e-01 4.001096844322053481e-01 4.462725963472929935e-01 5.929919891869306348e-01 3.272205733319223375e-01 5.680843105703442530e-01 3.818441542948060041e-01 4.256461114211583796e-01 5.708001873722574615e-01 5.036229128249268827e-01 5.482520007093262260e-01 4.465505527270111075e-01 4.485019010085647406e-01
7.105137770035621081e-01 1.000000000000000000e+00 6.208057296252745827e-01 6.102173617056029231e-01 7.829880142547623878e-01 6.494254973686345300e-01 4.585394512918501975e-01 7.334630077672588122e-01 5.957807681655639120e-01 5.114430673456247245e-01 6.948848188528092829e-01 5.204579807523765922e-01 7.790339245866215734e-01 4.016002492425039816e-01 5.375001318928790406e-01 6.278760455964856879e-01 4.515511077535025453e-01 4.936978571388116466e-01 6.926178292318201368e-01 5.478976255844022480e-01 5.535272774039131649e-01 5.671374057981912742e-01 5.280437901336014761e-01 2.747206208795819893e-01 6.568026842760478212e-01 4.301251491187527143e-01 6.028212812743281024e-01 6.799660988867143319e-01 5.820895903585072695e-01 4.603615630322087648e-01 3.452198864988857974e-01 3.733353472820533092e-01 6.641697748544618252e-01 5.482974956984540960e-01 5.265128104505487627e-01 5.599813531439028491e-01 5.214811608305179869e-01 4.301636696563254092e-01 4.780099250622329987e-01 4.153715475694848003e-01 5.213223494364160882e-01 3.831039605389513492e-01 3.207555862323156481e-01 7.655422181062638831e-01 5.005962532234008444e-01 5.864542153806200364e-01 6.655859869451586919e-01 3.824345731721255914e-01 4.010329720455640401e-01 5.358624890527343698e-01 7.962603411929350949e-01 3.462232904788358212e-01 5.217332761881207093e-01 3.717093901418260238e-01 3.079048376373695328e-01 6.283197017891580805e-01 4.488415751591660618e-01 4.063118808227834111e-01 3.319353264371927015e-01 3.662691118582142025e-01
5.913329467540981987e-01 6.208057296252745827e-01 1.000000000000000000e+00 6.905557025664020854e-01 5.781773074319742634e-01 5.542757360407081224e-01 5.244963130461014478e-01 6.491424733530289926e-01 6.760085634678187905e-01 5.343511031990331173e-01 6.251393743747063469e-01 6.400378695561044218e-01 5.163832797465022217e-01 4.797586500099841889e-01 5.991367577722743754e-01 6.365572092617683975e-01 3.897959651412317150e-01 5.262428351051522402e-01 4.032715247562020933e-01 6.560324276649286412e-01 5.260547770008837665e-01 6.343670094930672354e-01 3.994319474347552967e-01 3.262679983940962591e-01 5.259888593267743051e-01 4.390564161526523956e-01 5.622398811577704603e-01 5.323485231251703365e-01 5.213730463536596638e-01 5.538273783449129128e-01 4.598752305218323233e-01 4.451910376851519469e-01 3.967434100189423662e-01 3.550894015760311939e-01 7.357278286985230453e-01 4.969779908451405492e-01 6.175446817267491451e-01 2.823363552944747057e-01 5.702404102690171728e-01 4.742775792434767990e-01 4.224941200092341975e-01 3.345511730393848637e-01 3.279280496507677722e-01 5.689211271017734495e-01 4.167705910616038012e-01 4.229507969268558321e-01 7.241558316927626526e-01 6.088195997752594568e-01 3.989704256505494651e-01 3.531178066509014224e-01 5.180726929054624286e-01 2.207708603864185770e-01 4.080878623706285513e-01 3.139659544610666764e-01 2.928830137550197943e-01 5.016624640856617301e-01 5.406848493361086083e-01 3.199716206321980283e-01 4.212660832762634144e-01 3.950340812280160319e-01
6.226158279366099668e-01 6.102173617056029231e-01 6.905557025664020854e-01 1.000000000000000000e+00 7.005877079586453338e-01 6.520928824253243716e-01 5.849725980027112859e-01 5.909946519475547388e-01 7.448234324563255404e-01 4.911515746841685348e-01 7.538704707626696644e-01 7.591063323950240083e-01 5.064281184517660517e-01 5.613944326805698770e-01 6.866004915835882683e-01 8.248180474030724074e-01 4.914431369073845035e-01 5.967380958093783105e-01 4.335802575820930649e-01 6.838364282899062063e-01 8.009995658455417722e-01 6.187364136768804812e-01 4.752757338435270040e-01 3.133439041055990359e-01 3.927518330996595530e-01 4.446668383232990629e-01 7.267176588876239629e-01 5.763095411583107897e-01 6.779274879800004650e-01 6.178900497621142573e-01 6.066212005491875559e-01 5.523135454916254794e-01 4.042525811406719738e-01 3.093134903577969830e-01 6.798750449153103670e-01 5.228209397317580276e-01 7.566237521873152572e-01 3.359486619224636428e-01 6.850640613487218866e-01 5.932226381772103263e-01 4.343911321847433449e-01 3.552650908597345114e-01 4.391612979496096747e-01 4.974532496851956642e-01 3.707884839210849881e-01 4.371737484899344550e-01 6.032957647669171530e-01 7.242393652470633381e-01 5.196457414288865317e-01 2.975014619658152282e-01 4.461534572884713890e-01 1.602368719549015219e-01 4.139181994274281906e-01 3.329546488874092214e-01 4.025290460193453046e-01 5.891774041929478400e-01 3.792219510828233608e-01 3.582194312161738892e-01 4.931055190327378046e-01 2.497129990578857428e-01
7.092680419294455918e-01 7.829880142547623878e-01 5.781773074319742634e-01 7.005877079586453338e-01 1.000000000000000000e+00 6.721560172798395350e-01 5.916110482477463517e-01 6.252081083759516433e-01 6.306038749059017512e-01 5.130406996308244372e-01 7.948299647675028945e-01 5.900061669977250123e-01 6.114281919794084530e-01 5.555273110492567890e-01 5.863290957048269414e-01 7.348268631149954544e-01 4.581811503457973167e-01 5.383100281933578257e-01 5.490408604580960805e-01 5.476008677446635442e-01 7.464456951281513986e-01 5.611352570689809305e-01 6.021029457329414303e-01 3.237964237061013995e-01 4.987874245294007247e-01 4.909990930854873925e-01 7.795668069048339310e-01 7.301770012167048129e-01 8.150465612615346300e-01 5.145888999312053791e-01 4.873713947287627857e-01 5.186583560252344682e-01 4.811107541523547138e-01 3.939277757294454840e-01 5.059864166015126674e-01 5.505279101283406806e-01 5.785548304945529186e-01 4.778120267673193755e-01 5.161108106511477223e-01 5.255725820276351268e-01 4.487644934830223864e-01 3.271286032554975298e-01 4.482084023987703003e-01 5.961085857751010630e-01 3.761087955354671108e-01 5.086213971738914319e-01 5.423456981221205231e-01 4.400263965711587733e-01 4.948501654598010391e-01 3.919722027530576636e-01 5.544925479722663253e-01 2.289281289455073198e-01 4.126053736662014249e-01 2.874510903321351174e-01 3.344690349300867838e-01 6.888693359365453128e-01 3.813550135550976550e-01 4.891623518428206419e-01 4.450501085572842186e-01 2.877731341222902195e-01
6.712412390294245634e-01 6.494254973686345300e-01 5.542757360407081224e-01 6.520928824253243716e-01 6.721560172798395350e-01 1.000000000000000000e+00 5.307046477130917816e-01 6.020493381787788145e-01 6.057849352855350089e-01 4.836225024688354246e-01 6.224002121028507917e-01 6.093819786297547392e-01 6.394232112096452925e-01 5.098746880699442929e-01 5.699075718844431870e-01 6.558597481739023571e-01 7.338414982350159876e-01 4.690026770355815722e-01 4.924634206717477536e-01 5.566791575494862698e-01 5.485836080778311308e-01 6.385650840558765307e-01 5.179530291844993695e-01 3.502288527000650964e-01 4.826214043564005518e-01 4.392987334358025020e-01 5.877940423786003343e-01 6.537287004172324112e-01 5.443388368085217976e-01 4.844078266368757046e-01 4.602280726124918231e-01 5.400318473488080473e-01 4.841927635901571714e-01 3.393695852564985738e-01 4.999014735909990681e-01 4.620317151897133656e-01 6.051859443499970626e-01 4.373171251561102091e-01 5.636084994698143946e-01 5.289704693810050040e-01 7.174909233684647614e-01 3.665913340130820264e-01 5.292048430299537420e-01 5.947577212972867677e-01 4.154607075189736820e-01 3.990483485022881527e-01 5.311718253253908673e-01 4.651171765853641671e-01 6.557375903282650631e-01 3.547371086605198287e-01 5.485096958424047209e-01 1.821602912073222447e-01 4.855391452449813183e-01 3.335936239050789065e-01 5.084946706167809971e-01 7.850529947645793483e-01 4.030435412220267355e-01 4.260462049834950471e-01 3.697789236925400069e-01 2.774441419497331029e-01
7.045706642201783332e-01 4.585394512918501975e-01 5.244963130461014478e-01 5.849725980027112859e-01 5.916110482477463517e-01 5.307046477130917816e-01 1.000000000000000000e+00 4.357892141496946259e-01 6.159218990835811924e-01 6.003384199665189325e-01 7.092594244546451820e-01 5.958504103033640531e-01 4.815689619441615443e-01 8.778352657144030680e-01 5.936282750349364257e-01 6.217033696488769579e-01 3.624583792488765277e-01 5.632995849106712249e-01 3.447626287125360456e-01 5.779581811150495962e-01 5.201382574618347299e-01 4.883633526253301493e-01 5.715995727301241836e-01 4.070696955119414429e-01 3.474347053904308091e-01 5.950174926436889722e-01 6.294007586483476580e-01 6.516822505203976323e-01 5.630867974418688471e-01 5.624770388612472249e-01 7.355964745484681044e-01 7.727802217225722137e-01 3.272367514237498054e-01 2.419443860008167468e-01 5.191030491925502366e-01 4.060159516313630035e-01 5.766300600344445026e-01 4.390388392743385104e-01 5.321939926394667619e-01 7.078192842877838453e-01 3.758217797799929261e-01 2.633323718758593390e-01 5.045357593843204924e-01 3.877070773890365363e-01 3.231763486589258050e-01 3.225052514710317619e-01 4.525940938286578952e-01 5.089791638257004092e-01 3.238613782377582351e-01 2.355188100167387721e-01 3.518554465124709152e-01 1.273904197144233030e-01 3.429382913127000942e-01 2.439310738558249925e-01 3.971381785800955355e-01 4.368336686966375892e-01 3.412025337292709515e-01 5.237617532255703923e-01 5.124309181437523009e-01 2.496976178994961271e-01
5.755797693684439054e-01 7.334630077672588122e-01 6.491424733530289926e-01 5.909946519475547388e-01 6.252081083759516433e-01 6.020493381787788145e-01 4.357892141496946259e-01 1.000000000000000000e+00 5.405545076703905938e-01 4.551255873527554896e-01 5.635395223147083854e-01 5.304890897488240276e-01 5.785861497673399079e-01 3.903635879032145706e-01 4.979541558042523408e-01 5.698588303902069052e-01 4.430877864394984211e-01 4.490740735440460485e-01 5.224206053368135594e-01 5.457512048511121705e-01 4.689852168872712945e-01 6.434416548392037916e-01 3.645449546946402108e-01 2.636317446694348976e-01 5.312224839591020986e-01 3.719258501172578169e-01 5.260686259004166976e-01 5.092325839443180291e-01 4.835584597264998008e-01 4.583952340456559083e-01 3.474298025248355737e-01 3.540086926402312706e-01 4.918745413261055299e-01 4.505097826918459947e-01 5.899285531100578739e-01 5.225874231102157763e-01 5.217813490167230173e-01 2.554981317803532992e-01 4.890589703978294178e-01 3.833057689098134935e-01 4.648428931047301482e-01 3.693026450703860153e-01 2.971499629192650982e-01 7.376524836935669516e-01 4.334749317472920138e-01 3.723582595375808935e-01 7.449786723054068194e-01 4.459415785478054173e-01 4.217033690369800802e-01 4.164807835323927065e-01 6.646759988685384535e-01 2.411061579774106955e-01 4.237654846531778152e-01 3.571481336460160527e-01 3.137162235342434435e-01 6.027453396022196541e-01 4.534954948601585545e-01 2.961406962628660433e-01 3.162569772650411504e-01 3.430490117885047208e-01
6.832609805020430915e-01 5.957807681655639120e-01 6.760085634678187905e-01 7.448234324563255404e-01 6.306038749059017512e-01 6.057849352855350089e-01 6.159218990835811924e-01 5.405545076703905938e-01 1.000000000000000000e+00 5.675796485612113473e-01 7.616727077526307399e-01 8.006759153530841333e-01 5.751786444231286044e-01 5.778374423948479111e-01 7.777444910582377302e-01 7.594520923991717742e-01 4.271136363792358281e-01 5.538215465539387816e-01 4.711199287922115397e-01 7.012972416764352568e-01 6.118239438084048798e-01 6.026242385860309803e-01 5.545686356733205979e-01 3.923414886487540665e-01 4.982696537449258223e-01 4.955056020395195993e-01 6.709140252210862299e-01 6.560065202363426495e-01 5.986905096072154819e-01 6.090564094028979580e-01 5.702402532488376474e-01 5.460243826641960618e-01 4.653309111392235908e-01 3.465388922839667263e-01 6.447926060848903074e-01 4.484893891667918187e-01 7.193588979758193114e-01 4.444326249059945000e-01 6.908664519580325347e-01 5.843533176405779628e-01 4.497867867955986920e-01 3.958863765758852127e-01 4.238746915683399563e-01 5.068436656878575475e-01 4.111273919056146475e-01 5.120890836239175847e-01 5.246388290376473584e-01 5.942560232109062035e-01 3.966848211061347329e-01 3.628147379195470479e-01 5.055041450381447810e-01 2.189846701666141038e-01 4.642253052993389195e-01 3.231772208608595931e-01 4.056554339702557743e-01 5.028431455675292927e-01 5.162037041909087742e-01 4.610710425922570632e-01 4.469564211462123127e-01 3.873342840432622558e-01
7.899218394045141034e-01 5.114430673456247245e-01 5.343511031990331173e-01 4.911515746841685348e-01 5.130406996308244372e-01 4.836225024688354246e-01 6.003384199665189325e-01 4.551255873527554896e-01 5.675796485612113473e-01 1.000000000000000000e+00 5.214822386385417063e-01 5.642900239398663809e-01 6.174742340575944954e-01 5.506916550759841655e-01 6.492845097283768130e-01 5.091771965949511980e-01 3.376448530248181146e-01 4.843491551412364982e-01 3.109674410409021816e-01 5.320167714046248886e-01 4.110897435265776778e-01 4.556909763139639358e-01 4.635467844058544507e-01 6.636070155214164323e-01 5.038906813567718412e-01 6.921253811815440971e-01 4.586815400504467011e-01 6.277351683939508264e-01 3.750196068713262942e-01 4.336333219029482877e-01 4.834170044476686634e-01 5.814550983207542600e-01 3.386803526390327890e-01 2.665086259277052450e-01 5.628723557905145336e-01 4.133089415489236140e-01 4.773789724022945991e-01 3.680004681424673407e-01 4.159453039441703415e-01 4.732234386395575143e-01 3.888960540915071817e-01 4.235106777462970262e-01 3.842404077108627081e-01 5.025573250042271178e-01 4.671962511324030953e-01 4.449895144509014022e-01 4.861708344514550917e-01 4.068588925123448607e-01 3.129580055823658058e-01 3.181421659768949861e-01 4.564490418763508250e-01 2.766431785575074187e-01 4.350465575345818792e-01 3.518710508048741858e-01 2.874093343654902655e-01 4.396910344193490361e-01 5.251338141389336744e-01 4.579099807160968427e-01 4.207572623676980594e-01 5.286601293121963030e-01
7.247753097975639935e-01 6.948848188528092829e-01 6.251393743747063469e-01 7.538704707626696644e-01 7.948299647675028945e-01 6.224002121028507917e-01 7.092594244546451820e-01 5.635395223147083854e-01 7.616727077526307399e-01 5.214822386385417063e-01 1.000000000000000000e+00 6.793388011228205237e-01 6.074220524861918546e-01 6.456391405582512233e-01 6.587894551766393381e-01 8.276830655377652723e-01 4.194506285978046312e-01 5.681786494685864275e-01 5.300933602483562934e-01 6.123967846117978064e-01 7.364249669390143804e-01 5.827453722745471465e-01 6.725686330166531501e-01 3.095595542614769102e-01 4.766772425518316925e-01 5.228886620857097212e-01 8.868987358675444188e-01 7.387770118419149101e-01 7.642204560391452350e-01 5.635535276464270771e-01 6.027732818120593583e-01 5.957894804341301587e-01 4.913946001292665011e-01 3.951236266310634293e-01 5.470766824723305444e-01 4.248260829170212860e-01 6.298343253538876141e-01 4.991125040929839107e-01 6.143009053043573253e-01 6.615490488401892799e-01 4.284047048715535211e-01 3.052104881844316941e-01 4.552921052572007632e-01 5.281534151035146563e-01 4.011146657000832505e-01 5.366833619723913040e-01 5.327779560782940349e-01 5.436190271454106604e-01 4.098265007364990664e-01 3.938640632993719026e-01 5.266908659751906585e-01 2.239432215121189562e-01 4.321890370570851125e-01 2.797025419440684058e-01 3.853449270271092075e-01 5.662317473818458957e-01 3.811425568343319026e-01 5.207881611176228276e-01 4.883109200905941805e-01 2.882765424419884148e-01
6.248822080943879920e-01 5.204579807523765922e-01 6.400378695561044218e-01 7.591063323950240083e-01 5.900061669977250123e-01 6.093819786297547392e-01 5.958504103033640531e-01 5.304890897488240276e-01 8.006759153530841333e-01 5.642900239398663809e-01 6.793388011228205237e-01 1.000000000000000000e+00 5.302991290640882704e-01 5.811942642394762881e-01 8.075431975779300275e-01 7.665869443219855972e-01 4.549863044001187795e-01 5.236378125087547408e-01 3.743999276023678435e-01 6.588474513743786121e-01 6.337087019738549820e-01 6.202627045101392067e-01 5.135660462857652986e-01 3.872907972822670075e-01 3.980212793359132473e-01 5.021393005082082084e-01 6.283222968233647121e-01 6.116010902319837239e-01 5.401568344507849950e-01 6.103702334424980780e-01 5.949762763239919705e-01 5.530539880052384172e-01 4.216862879263602037e-01 2.863278543363252937e-01 6.403667461831820118e-01 4.452065186578751943e-01 7.239272263045415379e-01 4.100779893891792205e-01 7.795846412017587435e-01 5.470289877139277168e-01 4.363037812630083390e-01 3.881226787857052218e-01 4.148447965611974375e-01 4.734759631028954141e-01 3.730003998826794676e-01 4.324768807974677109e-01 5.085191511370354966e-01 6.120238343438282325e-01 4.288802212296002891e-01 2.909332406260417558e-01 4.476012583408010004e-01 1.786645289689395011e-01 4.621104008560423249e-01 3.386537727142202581e-01 4.224219816654228854e-01 5.375621969722568227e-01 4.360040468628987864e-01 4.301929460195287325e-01 4.774771845622821087e-01 3.180329826927253967e-01
7.910839660545088137e-01 7.790339245866215734e-01 5.163832797465022217e-01 5.064281184517660517e-01 6.114281919794084530e-01 6.394232112096452925e-01 4.815689619441615443e-01 5.785861497673399079e-01 5.751786444231286044e-01 6.174742340575944954e-01 6.074220524861918546e-01 5.302991290640882704e-01 1.000000000000000000e+00 4.368407038239546236e-01 5.416552408043689981e-01 5.646334338431909794e-01 5.453793315479517068e-01 5.401119203607546160e-01 7.001106673923273016e-01 5.743638490258985430e-01 4.401741136693746448e-01 4.856991306363332428e-01 6.458159531995196767e-01 4.476015130252967711e-01 6.187655045469740989e-01 4.565241631791940868e-01 5.045329201974232403e-01 7.434084206565529929e-01 4.326869125077779099e-01 4.862781493354081386e-01 3.952584106322275526e-01 4.660296693002721202e-01 7.917247674996051865e-01 5.044144378566838283e-01 5.220161761165771352e-01 5.059707073578333381e-01 5.076646360525873813e-01 6.079195860391712891e-01 4.629355836974965444e-01 4.641749187192031889e-01 6.323593920254494405e-01 4.770065213114311753e-01 3.713604933328176205e-01 6.891088899075529239e-01 6.129888797632752073e-01 5.649158756950819482e-01 5.242489776463213902e-01 3.654548659871121874e-01 3.539855831624663662e-01 5.453974730659957304e-01 7.694040644276688434e-01 3.609914494983583189e-01 7.642034577015229813e-01 4.386805246745040243e-01 4.373428793182654317e-01 5.479159265396483791e-01 4.414844943054698767e-01 5.064387040134018525e-01 3.591727649256430954e-01 4.001033149275983747e-01
6.287765593670596731e-01 4.016002492425039816e-01 4.797586500099841889e-01 5.613944326805698770e-01 5.555273110492567890e-01 5.098746880699442929e-01 8.778352657144030680e-01 3.903635879032145706e-01 5.778374423948479111e-01 5.506916550759841655e-01 6.456391405582512233e-01 5.811942642394762881e-01 4.368407038239546236e-01 1.000000000000000000e+00 5.824949255878314469e-01 6.036651714478390440e-01 3.643796774475482891e-01 5.146301258917427290e-01 3.129775265565590825e-01 5.298091183442130703e-01 5.083022314856329160e-01 4.421832978442347684e-01 5.169813214552781977e-01 4.173264884536521113e-01 2.846120531716713753e-01 5.905561726665261579e-01 6.056244161211732369e-01 5.876340965139115191e-01 5.464024837424977799e-01 5.391383104510260038e-01 7.754230439654636875e-01 8.169153850053505472e-01 2.802902368250261289e-01 1.775084837557509565e-01 4.873324369715739679e-01 3.982691206955125685e-01 5.343794361114051483e-01 3.997206722002222268e-01 5.089996664606261101e-01 6.892929846953131934e-01 3.747490772456124608e-01 2.584866139391538975e-01 5.445052846676557978e-01 3.372162080241300486e-01 3.043304104046180014e-01 2.771862853486418143e-01 4.029731702957197181e-01 4.763499671815293879e-01 3.351901184817065449e-01 1.856786840724444221e-01 2.966954463611709003e-01 9.125066731787993823e-02 3.349230198858995089e-01 2.438435561145381181e-01 4.093356325891843173e-01 4.183668606867065876e-01 3.265380281569296161e-01 4.575476871668927581e-01 5.593187289589129918e-01 2.217770895280561649e-01
6.599019395795455711e-01 5.375001318928790406e-01 5.991367577722743754e-01 6.866004915835882683e-01 5.863290957048269414e-01 5.699075718844431870e-01 5.936282750349364257e-01 4.979541558042523408e-01 7.777444910582377302e-01 6.492845097283768130e-01 6.587894551766393381e-01 8.075431975779300275e-01 5.416552408043689981e-01 5.824949255878314469e-01 1.000000000000000000e+00 7.172136827411240700e-01 4.039085117919195556e-01 4.818195094417183633e-01 3.915262250803397959e-01 5.770673303387023889e-01 5.584909056235750624e-01 5.606510223636080870e-01 5.025924390053608803e-01 4.004094471485507012e-01 4.421031669658148644e-01 6.907492358908418062e-01 5.843068689590854570e-01 6.253183642678934451e-01 5.097144317461134166e-01 5.239304148848750176e-01 5.425498726746341704e-01 5.418458793654020722e-01 4.100357387506393669e-01 2.838140678930713978e-01 5.579941266706083258e-01 4.169892388287660401e-01 6.398457601997936672e-01 4.080600033469128363e-01 6.406955531933138381e-01 4.872836621752456576e-01 3.912168706570065546e-01 3.540137460770614308e-01 3.885641098423133211e-01 4.552330358448788417e-01 3.500834817640430252e-01 4.914035166831681178e-01 4.592634199204613243e-01 5.175439431435134852e-01 3.682738733430561684e-01 3.040079400661125364e-01 4.650271903212855884e-01 2.081210728196877524e-01 3.956511170133875099e-01 3.399682756911852066e-01 3.550609667648951806e-01 4.929732728248403806e-01 4.365150104686182364e-01 4.286707390685819408e-01 4.776018685109233441e-01 3.433831524988626427e-01
6.529273956399508361e-01 6.278760455964856879e-01 6.365572092617683975e-01 8.248180474030724074e-01 7.348268631149954544e-01 6.558597481739023571e-01 6.217033696488769579e-01 5.698588303902069052e-01 7.594520923991717742e-01 5.091771965949511980e-01 8.276830655377652723e-01 7.665869443219855972e-01 5.646334338431909794e-01 6.036651714478390440e-01 7.172136827411240700e-01 1.000000000000000000e+00 4.831438899584706848e-01 5.495094964513060898e-01 4.572889388550936407e-01 6.072946211654504101e-01 7.459023498902911387e-01 6.180050909440185647e-01 5.372000418812178379e-01 3.070991244328790670e-01 4.239914856931801257e-01 4.766091161270218368e-01 8.153696435336208470e-01 6.364521904940143582e-01 7.083493694883264968e-01 5.761300247994398660e-01 6.097038875376604716e-01 5.771880975174038531e-01 4.623030331201622434e-01 3.336422778531549227e-01 5.735984856838344248e-01 4.833083057074348821e-01 7.009729257791406098e-01 4.055502249788128233e-01 6.733541714851537519e-01 5.987433884875494883e-01 4.469070464879225657e-01 3.606506528966642033e-01 4.342141162386889408e-01 5.005350228592255757e-01 3.763872453178922495e-01 5.145021018246905831e-01 5.327480402559493511e-01 5.876038565705885564e-01 4.739608138977209895e-01 3.277883617124842663e-01 4.728211106434198063e-01 2.056210648834567722e-01 4.559990727834594693e-01 3.186847082595330449e-01 3.886774954778270952e-01 6.062087231045568680e-01 3.688184123456543784e-01 4.155100935445218413e-01 5.005116225465605639e-01 2.702001333169797292e-01
4.807810813655202242e-01 4.515511077535025453e-01 3.897959651412317150e-01 4.914431369073845035e-01 4.581811503457973167e-01 7.338414982350159876e-01 3.624583792488765277e-01 4.430877864394984211e-01 4.271136363792358281e-01 3.376448530248181146e-01 4.194506285978046312e-01 4.549863044001187795e-01 5.453793315479517068e-01 3.643796774475482891e-01 4.039085117919195556e-01 4.831438899584706848e-01 1.000000000000000000e+00 4.096900158190143748e-01 4.040731773350644818e-01 4.572373118699363803e-01 4.044287666155211847e-01 4.569423445132539952e-01 4.239066897415180724e-01 2.740921532384518189e-01 3.377171671654607965e-01 3.000702736309328045e-01 3.921934301962822778e-01 4.923993720763377158e-01 3.552268881623199537e-01 4.411634703552144154e-01 3.368316061430566277e-01 4.074824618892102235e-01 4.441023509157782656e-01 2.382025083464588688e-01 4.129996926106748178e-01 4.029794046525074225e-01 4.964711402127959250e-01 3.796474412890937233e-01 4.445981448959039906e-01 3.782602058719963800e-01 7.228234122186141253e-01 3.180564172224289443e-01 3.729649103463599791e-01 4.647202863813035267e-01 3.511386560761906028e-01 2.683545864220493460e-01 4.253849255118066774e-01 3.903164563852613567e-01 6.239891360959394229e-01 2.572238828478362049e-01 4.340271275177812749e-01 1.238904320159753825e-01 4.805945618246695861e-01 2.978775292271680919e-01 5.252511814563155523e-01 6.581013080984803310e-01 2.661188899650258621e-01 3.147979664722157511e-01 2.977573650744346767e-01 1.628915581206339946e-01
5.829065628954844813e-01 4.936978571388116466e-01 5.262428351051522402e-01 5.967380958093783105e-01 5.383100281933578257e-01 4.690026770355815722e-01 5.632995849106712249e-01 4.490740735440460485e-01 5.538215465539387816e-01 4.843491551412364982e-01 5.681786494685864275e-01 5.236378125087547408e-01 5.401119203607546160e-01 5.146301258917427290e-01 4.818195094417183633e-01 5.495094964513060898e-01 4.096900158190143748e-01 1.000000000000000000e+00 3.773150494501807395e-01 6.984760504135525405e-01 5.046881301154484412e-01 4.412013901973891317e-01 6.004114451579902756e-01 3.642825699462892697e-01 3.154960222098733280e-01 3.917420056883350599e-01 4.908500480269931132e-01 5.753326024905650593e-01 5.059835944547419473e-01 7.212837950303416790e-01 5.514426072925008304e-01 5.191975467857454785e-01 4.055177274903728479e-01 2.701332589982463062e-01 5.955866947187008487e-01 5.766235073773473552e-01 5.913552921101471460e-01 4.768009343979535686e-01 4.548416362583231898e-01 5.597250971695243438e-01 3.908878062379153029e-01 3.523015145882248955e-01 3.468513160879160284e-01 4.076059812028921536e-01 3.621292536665094430e-01 3.053979665972307855e-01 4.950588304995878208e-01 5.603952922207355858e-01 3.334270186409694636e-01 2.873668426946961452e-01 3.764564946624021635e-01 1.242631755129042226e-01 4.973607012701165564e-01 2.553494603513175587e-01 4.273838240419569057e-01 3.766620040392446578e-01 3.284895601940656662e-01 4.266699664532007108e-01 5.122060819035862966e-01 2.619743054888794553e-01
5.419934054104905696e-01 6.926178292318201368e-01 4.032715247562020933e-01 4.335802575820930649e-01 5.490408604580960805e-01 4.924634206717477536e-01 3.447626287125360456e-01 5.224206053368135594e-01 4.711199287922115397e-01 3.109674410409021816e-01 5.300933602483562934e-01 3.743999276023678435e-01 7.001106673923273016e-01 3.129775265565590825e-01 3.915262250803397959e-01 4.572889388550936407e-01 4.040731773350644818e-01 3.773150494501807395e-01 1.000000000000000000e+00 4.246278638250774451e-01 4.026069776756324159e-01 3.760333363294698361e-01 4.602571072744459091e-01 1.893767486020462576e-01 5.245582160735837718e-01 3.039884872561424700e-01 4.525931440292007557e-01 5.141444992407528947e-01 4.356521638298044286e-01 3.625059293607795774e-01 2.658609696541630041e-01 2.792040581517108988e-01 7.611703706929817681e-01 5.487676548373989771e-01 3.576055046329698062e-01 4.290063710973838207e-01 3.799404524365213032e-01 4.319732465739689609e-01 3.451508025899138743e-01 3.359035215212511916e-01 4.729374916966245235e-01 3.589214195013784026e-01 2.528242188952509184e-01 5.432458201711255485e-01 5.127607072530814269e-01 4.668612953433484147e-01 4.222901665022480433e-01 2.584521389503583455e-01 2.823885579386010147e-01 5.910392518970095654e-01 6.871333398492849298e-01 3.151839331669166744e-01 4.867876499091536857e-01 3.353809158495832943e-01 3.002209369549262985e-01 4.305081473512447632e-01 2.998489495135880367e-01 3.639508668028558769e-01 2.588615781126017423e-01 2.416366310757972202e-01
6.367539058077731351e-01 5.478976255844022480e-01 6.560324276649286412e-01 6.838364282899062063e-01 5.476008677446635442e-01 5.566791575494862698e-01 5.779581811150495962e-01 5.457512048511121705e-01 7.012972416764352568e-01 5.320167714046248886e-01 6.123967846117978064e-01 6.588474513743786121e-01 5.743638490258985430e-01 5.298091183442130703e-01 5.770673303387023889e-01 6.072946211654504101e-01 4.572373118699363803e-01 6.984760504135525405e-01 4.246278638250774451e-01 1.000000000000000000e+00 5.155937113056201504e-01 5.308766961964824782e-01 5.267719797459430309e-01 4.385602607040374190e-01 4.089454766688624954e-01 3.955096366734136559e-01 5.388596075102778382e-01 5.987839465843233233e-01 4.878283272191509812e-01 7.819406714533436720e-01 5.599803622128036729e-01 5.302128030280848225e-01 4.580861370201227412e-01 3.521227400844387234e-01 7.423472588575837916e-01 5.255483666029908685e-01 7.213717050151285948e-01 4.263278249480176862e-01 5.842578186584675981e-01 5.966989577822500168e-01 4.951076217772857890e-01 4.039232450146835185e-01 4.118304481178391985e-01 5.208426411024117408e-01 4.624218135222182835e-01 2.972162349058343200e-01 5.887002680623732997e-01 6.680275923972616159e-01 4.114372546902675398e-01 3.448321155840815555e-01 4.993922946602539770e-01 2.137685228401886017e-01 5.561988842642107134e-01 3.389091109740157703e-01 4.709997308579740860e-01 4.727681603030433610e-01 4.285960850782618015e-01 4.513011493943104302e-01 4.304928522954480918e-01 3.278339625715128158e-01
5.508959701423831179e-01 5.535272774039131649e-01 5.260547770008837665e-01 8.009995658455417722e-01 7.464456951281513986e-01 5.485836080778311308e-01 5.201382574618347299e-01 4.689852168872712945e-01 6.118239438084048798e-01 4.110897435265776778e-01 7.364249669390143804e-01 6.337087019738549820e-01 4.401741136693746448e-01 5.083022314856329160e-01 5.584909056235750624e-01 7.459023498902911387e-01 4.044287666155211847e-01 5.046881301154484412e-01 4.026069776756324159e-01 5.155937113056201504e-01 1.000000000000000000e+00 4.984224299044439088e-01 4.849735074475903240e-01 2.448056326678536843e-01 3.231182969464117538e-01 3.950676935563652292e-01 7.391999712142820478e-01 5.435383789615957362e-01 7.518641043365219545e-01 5.078343466066184142e-01 5.368976735397801292e-01 5.184597234265994059e-01 3.475940099044984022e-01 2.579241123650399814e-01 5.030192530008286145e-01 4.047942195919205788e-01 5.718931147137751303e-01 3.517298463283110022e-01 5.627762495253001429e-01 5.192215055594754380e-01 3.589162185907218694e-01 2.727838489804709221e-01 4.337666933406204572e-01 4.073354126909755624e-01 2.840546990689686857e-01 4.067765823197907471e-01 4.445473775428963048e-01 5.578875857878756728e-01 4.576545976288938777e-01 2.446113404577154038e-01 3.570138359122748128e-01 1.214326019915558802e-01 3.398835073728700973e-01 2.498783552172925138e-01 3.420604356804392565e-01 5.521971856666334499e-01 2.632741850653472770e-01 3.463845475036939070e-01 4.555293671107621400e-01 1.838586683309195724e-01
5.529346251599597251e-01 5.671374057981912742e-01 6.343670094930672354e-01 6.187364136768804812e-01 5.611352570689809305e-01 6.385650840558765307e-01 4.883633526253301493e-01 6.434416548392037916e-01 6.026242385860309803e-01 4.556909763139639358e-01 5.827453722745471465e-01 6.202627045101392067e-01 4.856991306363332428e-01 4.421832978442347684e-01 5.606510223636080870e-01 6.180050909440185647e-01 4.569423445132539952e-01 4.412013901973891317e-01 3.760333363294698361e-01 5.308766961964824782e-01 4.984224299044439088e-01 1.000000000000000000e+00 3.765095888983241434e-01 2.888011785675273502e-01 4.518692722886398783e-01 3.957858807890323738e-01 5.405339027148319264e-01 5.252879973795928636e-01 4.762688412034989938e-01 4.704046756918658367e-01 4.223256905752142965e-01 4.318823873667247404e-01 3.695213156663959553e-01 3.081035875475120478e-01 5.608667238301331404e-01 4.284230278243175150e-01 5.888910021956603735e-01 2.627600183187655536e-01 5.909557835955849825e-01 4.183406838467997324e-01 4.616630099998420000e-01 3.386356271371698257e-01 3.358323868485475483e-01 5.566702823178869552e-01 3.603976679160229013e-01 3.668207014568021229e-01 6.105564261588790620e-01 5.002896357732311561e-01 4.306742252908464241e-01 3.311264655019479641e-01 4.857584147929578378e-01 1.840971203733520745e-01 3.604692545035815820e-01 2.652423183573742183e-01 3.611830691472239785e-01 6.236726176531631749e-01 4.299149241779108843e-01 3.028310866360900966e-01 3.525115484750624972e-01 3.082397629135228967e-01
6.770880778624703833e-01 5.280437901336014761e-01 3.994319474347552967e-01 4.752757338435270040e-01 6.021029457329414303e-01 5.179530291844993695e-01 5.715995727301241836e-01 3.645449546946402108e-01 5.545686356733205979e-01 4.635467844058544507e-01 6.725686330166531501e-01 5.135660462857652986e-01 6.458159531995196767e-01 5.169813214552781977e-01 5.025924390053608803e-01 5.372000418812178379e-01 4.239066897415180724e-01 6.004114451579902756e-01 4.602571072744459091e-01 5.267719797459430309e-01 4.849735074475903240e-01 3.765095888983241434e-01 1.000000000000000000e+00 3.659397403500019852e-01 3.892424660576493389e-01 4.265433060517362929e-01 5.533867027696512952e-01 8.122940857242342272e-01 5.462602456791976202e-01 5.217630884640798161e-01 4.754142656274937817e-01 5.111784622899530062e-01 5.512782696113274206e-01 3.133211098733632016e-01 3.953945880000860891e-01 4.091629607662234380e-01 4.749082185613083817e-01 8.660515579921178597e-01 4.384388562817614354e-01 5.903695698926001434e-01 4.769369548895787680e-01 2.702037432275646855e-01 4.203386213809112149e-01 4.207855178811266694e-01 3.601298203300898337e-01 3.995571161503446156e-01 3.212504973382792617e-01 3.816123686451051156e-01 2.720006134998669278e-01 3.793915914590976768e-01 4.588325148776943307e-01 1.902103338070431637e-01 5.406304796970025084e-01 2.479962928560300039e-01 4.624040474499832021e-01 4.235929066518683284e-01 3.248909445828371823e-01 6.812746487242401505e-01 3.809142225389121617e-01 2.792302497396186300e-01
5.615395071027928786e-01 2.747206208795819893e-01 3.262679983940962591e-01 3.133439041055990359e-01 3.237964237061013995e-01 3.502288527000650964e-01 4.070696955119414429e-01 2.636317446694348976e-01 3.923414886487540665e-01 6.636070155214164323e-01 3.095595542614769102e-01 3.872907972822670075e-01 4.476015130252967711e-01 4.173264884536521113e-01 4.004094471485507012e-01 3.070991244328790670e-01 2.740921532384518189e-01 3.642825699462892697e-01 1.893767486020462576e-01 4.385602607040374190e-01 2.448056326678536843e-01 2.888011785675273502e-01 3.659397403500019852e-01 1.000000000000000000e+00 2.895971729280409912e-01 3.915992762924476178e-01 2.833110988163694555e-01 4.881048546655311626e-01 2.213346884246251145e-01 3.423379967107056387e-01 3.381847807274839801e-01 4.471045362458134220e-01 2.404152837329298076e-01 1.418659447620007341e-01 4.629855195314013239e-01 3.230503450083091477e-01 3.472370472121181217e-01 3.082543300053429136e-01 2.942833781066362397e-01 3.692970153510403142e-01 3.324151561548788214e-01 4.017569243575884741e-01 3.385514658378443453e-01 3.244653037783249983e-01 4.162759347996866088e-01 2.163144540448540543e-01 3.052284447020666147e-01 3.059684014178182809e-01 2.525946263929370050e-01 2.223271359991783047e-01 2.900137672462410610e-01 1.922093660978640706e-01 4.162879767981541579e-01 2.811135428020383742e-01 2.537883138969487251e-01 3.001212149706173338e-01 4.030551299049348057e-01 4.036045803018832867e-01 3.152542211915888015e-01 4.400613451378221352e-01
5.842907803487940033e-01 6.568026842760478212e-01 5.259888593267743051e-01 3.927518330996595530e-01 4.987874245294007247e-01 4.826214043564005518e-01 3.474347053904308091e-01 5.312224839591020986e-01 4.982696537449258223e-01 5.038906813567718412e-01 4.766772425518316925e-01 3.980212793359132473e-01 6.187655045469740989e-01 2.846120531716713753e-01 4.421031669658148644e-01 4.239914856931801257e-01 3.377171671654607965e-01 3.154960222098733280e-01 5.245582160735837718e-01 4.089454766688624954e-01 3.231182969464117538e-01 4.518692722886398783e-01 3.892424660576493389e-01 2.895971729280409912e-01 1.000000000000000000e+00 4.045831883793787331e-01 3.945516790304839372e-01 5.109011677284299724e-01 3.541500040024779805e-01 2.810896579874086476e-01 2.173508781108152710e-01 2.856048414495737653e-01 5.059329693132186279e-01 5.103199733527273851e-01 3.885025021081631724e-01 3.494154413902776923e-01 3.695516141743852012e-01 3.449309372037916432e-01 3.298141097451776638e-01 2.997245915991573195e-01 4.108738702265178344e-01 3.433903744746575892e-01 2.123009076220066516e-01 5.704680639026816769e-01 4.148185122596857455e-01 5.520483577645327600e-01 4.856419589132658365e-01 2.572732280534917315e-01 2.797996631615042307e-01 5.711322005351935349e-01 6.265529369421847239e-01 3.752166740248292776e-01 3.913010087789030589e-01 3.466631220904815014e-01 2.178476469746100375e-01 4.273160462102643664e-01 5.737126265253866819e-01 3.403560167301636352e-01 2.076582318434063712e-01 4.294470226345844521e-01
6.284904062478816611e-01 4.301251491187527143e-01 4.390564161526523956e-01 4.446668383232990629e-01 4.909990930854873925e-01 4.392987334358025020e-01 5.950174926436889722e-01 3.719258501172578169e-01 4.955056020395195993e-01 6.921253811815440971e-01 5.228886620857097212e-01 5.021393005082082084e-01 4.565241631791940868e-01 5.905561726665261579e-01 6.907492358908418062e-01 4.766091161270218368e-01 3.000702736309328045e-01 3.917420056883350599e-01 3.039884872561424700e-01 3.955096366734136559e-01 3.950676935563652292e-01 3.957858807890323738e-01 4.265433060517362929e-01 3.915992762924476178e-01 4.045831883793787331e-01 1.000000000000000000e+00 4.559119492070310975e-01 5.268434084476726342e-01 4.023286663720367917e-01 4.031738794162108008e-01 4.798749768513934644e-01 5.526457426715541965e-01 2.701436277436383704e-01 2.158809063884130908e-01 3.877057406658711014e-01 3.269172578760752845e-01 4.011762741141305932e-01 3.156148951462039998e-01 3.719806198741579806e-01 4.013936045384046691e-01 2.952999040554893373e-01 2.506751354398299436e-01 3.466392121996939579e-01 3.617034812620407713e-01 2.868444991261221988e-01 3.853697633889443530e-01 3.799621486993497999e-01 3.316783643069813325e-01 2.636352852918617540e-01 2.453669396839698869e-01 3.553652660969090493e-01 1.871203675220092233e-01 2.334982023115096672e-01 2.581790131926599008e-01 2.472927422405635511e-01 3.970756814545396973e-01 3.384049347060003599e-01 3.490204096473046302e-01 4.727591313462597422e-01 3.111631607064727079e-01
