1.000000000000000000e+00 3.064183091610448439e-01 3.646789847952586205e-01 2.971100521423155061e-01 4.259245777300623148e-01 3.133026414579784258e-01 3.752615789908376187e-01 4.625141159460370299e-01 5.096794376221707168e-01 4.250201146631752414e-01 4.904716450007063355e-01 1.995994277188489763e-01 3.778397706759027974e-01 3.992772251976351439e-01 4.031504945379130178e-01 2.986433828962450354e-01 3.525290802481509944e-01 4.256493745760103198e-01 3.032875655229000378e-01 4.131060589577348341e-01 4.257369573598630552e-01 1.939018113549335065e-01 3.536095752976347595e-01 4.855485218579081996e-01 2.536592345777259339e-01 3.614780768705385117e-01 4.253271709935884104e-01 4.851581956476768709e-01 3.623944212175028157e-01 3.416238229048933484e-01 3.194841644587959051e-01 3.172738643056487451e-01 3.325263962920573801e-01 2.663227287182439729e-01 5.275546018779823099e-01 2.387943542731375823e-01 5.837582002785353108e-01 3.666999290549272095e-01 2.023407267216316974e-01 3.107970627993827395e-01 3.238257694800636965e-01 4.645224388074755129e-01 4.692494067189755258e-01 4.663884617617212180e-01 2.959466923654540116e-01 3.371774242666549792e-01 6.398817930278730692e-01 5.035041715852159872e-01 6.569593910030646633e-01 4.431752061937026532e-01 3.881685887553597003e-01 3.576594013827382734e-01 2.345013887236479522e-01 2.467686584842503361e-01 5.137919638300281200e-01 4.800253203675663438e-01 3.968060864735879489e-01 6.836914141087730989e-01 3.735586759279367342e-01 3.177374701927393463e-01 4.701543495735012179e-01 4.244997024572189082e-01 1.435385679790690816e-01 4.688197948921000169e-01 3.260086373643951152e-01 2.232642597509999494e-01 4.462376288649582690e-01 3.609355694530546610e-01 3.911284536002188061e-01 2.800568505145592524e-01 3.644664966521377059e-01 4.642486827813999128e-01 3.535472286636837103e-01 5.523731898363385406e-01 2.741723690185990381e-01 4.824385994327273774e-01 4.337242312633016739e-01 5.629681861530446696e-01 3.366213578368774662e-01 3.904538114766969992e-01
3.064183091610448439e-01 1.000000000000000000e+00 5.789713857614317005e-01 5.213783820651169965e-01 2.917148261665976072e-01 5.531140243386040156e-01 3.826267578801174074e-01 3.811706623890727119e-01 3.810295613338954834e-01 4.892050150320182422e-01 4.919950626791744774e-01 2.091696409836855952e-01 5.717649138299809586e-01 6.007389567369311179e-01 4.483201956343173533e-01 4.200488781890713841e-01 5.185530989678307501e-01 5.351291684265835347e-01 3.226767443723045914e-01 1.963188891714079398e-01 3.895268723933027477e-01 3.811472587993873784e-01 5.490168061070374028e-01 4.600158218539411314e-01 2.983737210978504861e-01 3.698472463640227192e-01 4.815165543494973055e-01 4.895626200191848798e-01 2.993558125449362617e-01 6.608876380544858042e-01 6.289864822408159917e-01 4.209144157403377218e-01 2.875541516145894705e-01 3.988295344638903561e-01 4.335651806150095933e-01 4.193585221196610702e-01 3.696956100184516925e-01 3.945231927802177463e-01 5.503769369282269786e-01 3.658725136205455142e-01 6.175909134952254353e-01 5.350206146482002767e-01 4.944672236393173881e-01 6.438197534061447236e-01 4.880285483601899954e-01 5.370958334288284952e-01 4.027693597883233445e-01 4.673011098140468778e-01 3.092793806033136139e-01 6.509951013191099811e-01 7.419764471018028829e-01 4.306547091130024096e-01 4.822218864974827657e-01 2.563560638877661058e-01 4.998038247753230356e-01 5.638595873142542292e-01 4.921189732222578939e-01 3.560611793746825682e-01 5.751227284056213973e-01 5.903078478479488744e-01 4.625258418025118279e-01 5.367637185165539115e-01 2.676831650034099397e-01 2.046183903069371257e-01 4.666119044368838842e-01 2.059549854866666863e-01 2.905431953973935388e-01 4.580080773866586075e-01 4.479658313023401339e-01 2.957091461119095155e-01 6.999343131016894093e-01 5.384520379732612438e-01 2.584570933497611356e-01 5.160336560484732882e-01 1.334772669316315608e-01 3.299555103699626790e-01 6.120900876394831380e-01 4.872746891582277473e-01 5.366405466037024174e-01 5.793887569377300650e-01
3.646789847952586205e-01 5.789713857614317005e-01 1.000000000000000000e+00 4.541847091869564701e-01 3.280185161055145238e-01 4.579820392100806270e-01 4.220288340147723138e-01 4.944559436612762093e-01 4.281294680635577277e-01 3.295321299271962712e-01 4.249051137669673794e-01 2.810547164363959016e-01 7.348917458540542569e-01 3.862963113062001796e-01 3.348082954474261297e-01 5.355151821372446941e-01 3.425971288972287088e-01 5.113482789147640872e-01 3.397631758000478897e-01 3.561212471644554234e-01 2.946866208264112275e-01 2.857707554543675865e-01 6.041569190519264776e-01 3.572749043373243949e-01 2.894704681983392147e-01 4.325232758007152012e-01 4.639773043904728000e-01 5.764450498357532870e-01 3.993555234367414108e-01 4.485695120268348157e-01 6.030925599043733820e-01 5.106050101958351517e-01 3.139577056341369965e-01 4.458634220799747028e-01 5.965635891761832399e-01 3.316341357385066968e-01 3.802670138764735475e-01 4.066265050963220329e-01 5.354382743011251167e-01 3.107970352754941823e-01 3.474747555158265166e-01 5.515818486775136975e-01 4.240332769276680680e-01 4.622862434722956326e-01 5.750587044488724153e-01 5.933018254872840513e-01 5.293148928288541333e-01 3.947614783396328209e-01 4.054576453477511944e-01 5.059119533244423872e-01 4.999934894499762361e-01 2.961981953267336931e-01 4.211888714335270123e-01 2.904936541432744934e-01 5.846884071226271518e-01 5.276136245456830576e-01 3.544730787581700238e-01 3.825963424558118109e-01 5.029508591936472373e-01 3.589237634890771189e-01 4.526830939715984492e-01 7.188038284982369852e-01 2.753397874183976524e-01 3.529493598813410737e-01 4.300311457317392283e-01 2.649965682209305951e-01 4.482237398743669221e-01 5.856296812482245651e-01 3.786062275765303409e-01 3.973076845974385929e-01 5.322372765984759724e-01 3.842515034963910336e-01 2.789448566574722066e-01 6.634319585080258319e-01 2.093584964123833547e-01 4.132753511774030497e-01 4.320007556125454173e-01 5.087630816808345058e-01 3.281796242802291763e-01 4.896243219543219283e-01
2.971100521423155061e-01 5.213783820651169965e-01 4.541847091869564701e-01 1.000000000000000000e+00 3.627929972952629867e-01 3.183225168073688383e-01 3.337292851953156947e-01 2.798057075837123153e-01 4.378777517319447088e-01 4.913324719903366944e-01 4.227685518144657650e-01 2.540533053216184611e-01 4.179801893479414554e-01 3.529675817945696070e-01 4.419210104636818182e-01 5.143383023035362767e-01 4.201135681537138122e-01 3.813095769055628859e-01 3.217856254215888390e-01 2.627652603241452112e-01 3.493670838797948708e-01 2.727911158061011032e-01 3.925994788181677020e-01 2.792840506575560711e-01 2.456179371746642082e-01 2.962643054295727718e-01 3.920398333899461907e-01 3.736298376266412036e-01 2.383239198917819768e-01 5.680175984245531273e-01 5.561915450460674926e-01 3.630800532923925683e-01 3.049119011596899687e-01 3.125623318170942522e-01 3.269072682470648972e-01 3.885554669167375352e-01 3.156743479834778765e-01 3.376510493830817694e-01 3.888555534852775053e-01 3.975819874723404146e-01 4.249713773138079076e-01 4.915587515343867175e-01 4.010813193863127513e-01 4.359500786204976719e-01 4.898056327556904455e-01 4.212553348551487109e-01 3.262924466265973433e-01 4.825867298138558081e-01 2.392605675130167475e-01 4.700739122843330398e-01 5.568547054950016006e-01 3.496670401131341532e-01 3.465554727735609131e-01 3.465052047619405773e-01 3.468840176386531748e-01 4.381615644386444575e-01 4.870836215228510624e-01 3.714783616261786992e-01 6.975428055698946750e-01 4.353366637258185290e-01 5.000650428556102645e-01 4.198586792019331493e-01 2.846418316967839202e-01 2.288155146218903147e-01 3.362754003989998908e-01 2.929118416914663903e-01 3.769892887752204769e-01 4.257156881225131473e-01 3.922999685495029976e-01 3.305233182050328344e-01 5.798856872323718825e-01 3.771402914259140982e-01 2.773012625923422791e-01 3.584512105698501316e-01 1.920345293063467074e-01 3.392323277331808495e-01 5.639471075716800952e-01 3.123003056801424426e-01 4.300613594625141145e-01 3.336313341137324695e-01
4.259245777300623148e-01 2.917148261665976072e-01 3.280185161055145238e-01 3.627929972952629867e-01 1.000000000000000000e+00 2.615777944494194207e-01 3.325381100374933396e-01 3.401963417307636295e-01 3.803991979227789311e-01 3.879759287818806412e-01 3.688813828348476154e-01 2.397893230028872169e-01 3.053112982990220381e-01 2.774974852584206064e-01 3.927523478711668625e-01 2.770452413643453848e-01 3.934963424963665024e-01 4.197357527115287978e-01 3.373168310645393575e-01 3.827629868478906183e-01 3.958663882593759231e-01 2.813809844121314407e-01 3.356881010642480678e-01 3.224352766996399500e-01 3.447859386935462345e-01 2.625944975295719241e-01 3.393012125158825221e-01 3.845678269784036929e-01 4.402205032725800549e-01 3.555569373283342105e-01 3.323965547774967444e-01 2.344186813076465092e-01 2.602297502581338851e-01 2.231479304375710571e-01 4.328862147765877300e-01 2.426524615133620055e-01 3.915280893887528868e-01 4.634347766694517645e-01 2.224492077891482567e-01 4.297018329634147982e-01 3.732413505928570130e-01 3.857865545202669999e-01 4.246301163122949140e-01 3.419528750130336747e-01 2.661066967317251564e-01 3.637972356131247142e-01 3.802091935104749409e-01 5.071432341308529379e-01 3.960219769253053856e-01 3.777934780315907459e-01 4.059660741295341713e-01 3.537134907351143220e-01 2.217885503233774647e-01 4.284357841249529231e-01 3.766478767022471974e-01 4.397531422216941488e-01 4.056074785805022787e-01 4.164231280091620357e-01 3.828854588229519407e-01 2.754336178401874946e-01 4.147350723592665989e-01 3.271803241325742517e-01 2.141814676044974664e-01 4.568400353835092020e-01 2.754581668236785741e-01 4.197645519353302990e-01 4.222111504848855557e-01 3.086902741071979595e-01 3.839890777686789658e-01 2.486918533125109798e-01 3.554587960029663707e-01 3.270096956226493101e-01 3.863297622501626338e-01 3.491824122356523841e-01 4.841150455291786114e-01 3.233584569500631556e-01 4.211239798064321804e-01 4.336199472865305826e-01 3.771497347017036539e-01 3.727443469784021413e-01
3.133026414579784258e-01 5.531140243386040156e-01 4.579820392100806270e-01 3.183225168073688383e-01 2.615777944494194207e-01 1.000000000000000000e+00 2.872161555853992576e-01 4.110030820637458615e-01 3.080636054812927460e-01 3.401026088091290145e-01 5.145985195559917846e-01 2.012524198451303981e-01 6.284095486354952520e-01 5.305981172863704076e-01 2.720993996564441408e-01 3.831914987419854368e-01 3.568817944723918778e-01 5.078773777936775868e-01 4.167779274788083743e-01 2.328340702748958047e-01 2.279725514380809837e-01 2.940967343998551753e-01 6.987836531677972252e-01 6.323779448606754450e-01 2.169482531226366029e-01 3.652129708251922735e-01 3.343790302660440972e-01 5.131677158609292411e-01 2.160884720761304945e-01 5.057543618179045630e-01 3.260677037228311703e-01 3.235893045767841980e-01 3.034405462114452834e-01 4.698771879303690335e-01 3.986604833473806897e-01 4.659016555632951584e-01 3.572735170751854539e-01 3.125758708514571604e-01 6.467838453988684622e-01 3.344328727151311131e-01 4.891453712914654028e-01 4.070830650936319572e-01 3.042018252014375701e-01 4.822638623416482528e-01 5.262432720242180562e-01 5.460936880927351744e-01 3.960186300109129753e-01 3.303071721406172223e-01 3.680341680856640818e-01 4.599104645614150444e-01 4.784589283815041671e-01 2.740280430561980451e-01 6.092130978714048739e-01 2.036085517055734317e-01 5.471155466795907252e-01 3.662854336634810970e-01 3.699444716888335982e-01 3.526720318725287684e-01 3.627073776977845498e-01 5.760315759547469661e-01 3.311817818216979958e-01 4.535794616043109517e-01 4.045740706727092850e-01 2.582060467005680704e-01 6.736797710797827188e-01 2.535146024282792232e-01 2.650901482464074754e-01 4.928939259598689726e-01 2.756667378853979167e-01 2.738595241541033065e-01 3.698266482934803312e-01 5.261780799527625563e-01 2.275694794437644886e-01 4.558692445234158175e-01 1.976368881509839304e-01 3.580838940376427915e-01 3.536893850708335840e-01 3.729958561710022269e-01 3.769606784256541721e-01 7.572122209897821365e-01
3.752615789908376187e-01 3.826267578801174074e-01 4.220288340147723138e-01 3.337292851953156947e-01 3.325381100374933396e-01 2.872161555853992576e-01 1.000000000000000000e+00 3.142602878024147728e-01 3.042970420882532001e-01 3.253285005856198508e-01 4.380037485969954236e-01 2.897718590469967603e-01 4.193574012813038876e-01 3.388127883471029889e-01 3.290535249049951205e-01 3.244539869281997113e-01 3.387154626103751065e-01 3.569516774385381730e-01 3.532603463960052870e-01 2.462262791593988476e-01 3.079766528820027660e-01 2.936925242871801234e-01 3.748996800592215295e-01 2.994870745061390949e-01 2.898997283840722416e-01 3.426645329643543403e-01 3.872136446594994785e-01 4.010175559845483018e-01 3.588225826619261261e-01 3.160970135834155759e-01 3.475503943837444654e-01 2.895350596954331945e-01 2.178192772342923134e-01 3.805694005778717526e-01 3.490458488490324473e-01 2.251127072748954072e-01 3.670027032795946109e-01 3.465609854574743798e-01 3.159897294176812199e-01 3.992519577854683477e-01 3.253325203724412029e-01 4.465462647926601858e-01 3.735067349712092866e-01 3.242206049499176124e-01 3.332026381377662938e-01 3.281995262561042126e-01 3.467944060785487781e-01 3.328722938743646775e-01 3.425409904680599693e-01 3.805961226422938659e-01 3.833215441838276338e-01 3.227539789875675247e-01 2.940383957782120028e-01 2.464348946774020666e-01 3.749825345032183899e-01 3.940414729534393312e-01 3.538533555579149725e-01 3.533944029107686791e-01 4.260996074430196678e-01 2.448933242316034820e-01 3.319650122734378317e-01 4.023160274439642747e-01 1.795328141031294344e-01 2.575846451668692971e-01 3.312978547181066324e-01 2.960056547039681685e-01 2.623457699967915446e-01 3.920410279094383443e-01 3.359014138332569455e-01 2.214332890513719121e-01 4.162220988035369995e-01 2.698977550785992552e-01 5.010466118316504458e-01 3.843343284473078048e-01 3.288868744341982842e-01 2.753138910150920715e-01 3.693441323862857173e-01 3.289890505778827468e-01 2.978282406452282260e-01 3.062376015980842192e-01
4.625141159460370299e-01 3.811706623890727119e-01 4.944559436612762093e-01 2.798057075837123153e-01 3.401963417307636295e-01 4.110030820637458615e-01 3.142602878024147728e-01 1.000000000000000000e+00 4.784904150175928739e-01 3.254272380599247394e-01 3.310678314142542211e-01 2.951419392152764831e-01 4.488348919155539241e-01 3.340586586071833120e-01 4.169992887124076009e-01 4.176552979512374031e-01 3.034852947986992899e-01 3.826847525755876500e-01 2.007531968708929915e-01 3.878949717090912075e-01 3.272671499060472722e-01 1.627412113415202810e-01 3.864799935606568204e-01 3.210327836977793226e-01 1.714938179703543175e-01 4.458859217427963983e-01 3.156154068907525700e-01 4.722158717128147609e-01 2.736661340025739464e-01 2.735523563067442931e-01 5.135367135505880531e-01 6.185807050769265292e-01 5.021595726504540780e-01 3.182413343305592890e-01 4.484169648347499093e-01 1.680192185142227457e-01 5.122993835974416488e-01 2.997984073869072730e-01 3.497900388968846475e-01 2.321885096519041014e-01 3.522119670794722213e-01 4.306604573637222710e-01 4.574275570373276256e-01 3.219487637966572113e-01 3.886199530670723101e-01 3.264491520796638513e-01 4.637076938049004560e-01 3.574163478163032703e-01 6.959960463091735550e-01 3.792224569323445760e-01 3.740105492450392366e-01 2.315985666980104885e-01 3.190954802720650796e-01 2.421806290838962872e-01 4.379552938575011489e-01 4.247248424220566032e-01 3.090895637464428081e-01 5.283331808857506529e-01 3.767719247499460300e-01 2.341233051730075565e-01 4.614896897425875832e-01 6.173015592469566215e-01 1.783196873419237161e-01 3.682032566547761565e-01 3.466908593715515852e-01 2.369790370125254286e-01 4.441274417763862448e-01 4.894164260524936916e-01 3.511648532321577920e-01 3.016510195957274876e-01 3.821858519920304786e-01 2.975459429844820591e-01 2.804794947850616782e-01 6.937756052640282611e-01 1.772692291114432439e-01 5.029661813137477067e-01 4.729846037741172737e-01 4.812922838682665572e-01 2.694592660501301529e-01 4.007202148154753729e-01
5.096794376221707168e-01 3.810295613338954834e-01 4.281294680635577277e-01 4.378777517319447088e-01 3.803991979227789311e-01 3.080636054812927460e-01 3.042970420882532001e-01 4.784904150175928739e-01 1.000000000000000000e+00 4.360025393551722472e-01 4.092616246140359793e-01 2.382642076164769585e-01 4.095473676778718652e-01 3.731404496796212333e-01 4.757861608471114501e-01 3.598332284099195477e-01 3.908980918331919074e-01 3.427294368117710377e-01 2.339944130949505319e-01 4.049255211099059282e-01 4.933124978344091693e-01 1.757425253611590021e-01 3.073626207970464042e-01 3.603572661173168878e-01 2.421291790087833351e-01 3.317503405546854967e-01 3.593590096789524568e-01 3.518717184807976239e-01 2.918029165860058227e-01 4.645734157789119800e-01 5.411552405576105507e-01 4.197014899637420138e-01 4.392106703918797206e-01 2.251682405843833390e-01 4.187023269767317646e-01 3.263035851264454168e-01 5.470016360978295911e-01 3.603585715749628160e-01 2.369568680927903737e-01 3.138592597580682764e-01 3.913179953205350725e-01 4.277989585099934433e-01 6.351264002214118687e-01 3.917616547318475417e-01 3.775598287305901857e-01 3.597570421440778321e-01 5.063233849486017402e-01 4.623171972012023456e-01 5.399340222992069505e-01 3.777224301598228196e-01 4.252819960806510369e-01 3.566919690710991242e-01 2.054184088373328387e-01 2.609907489938365077e-01 3.905484859343627546e-01 4.444244191960035617e-01 4.187572166438511823e-01 6.307239726150536407e-01 4.655983725849395238e-01 4.569705114699514903e-01 6.610754928293249844e-01 4.316200622313721147e-01 2.013073435868085459e-01 3.687460588140352713e-01 2.884198248188290514e-01 2.175204114379295783e-01 5.904943989381691294e-01 3.282659362912900836e-01 4.063103172611164382e-01 2.770436804990680235e-01 4.398427790754733113e-01 3.858827797688169636e-01 2.522028066682025504e-01 5.550106455042798093e-01 2.039853102625215908e-01 4.985202406898005534e-01 4.972632229628615175e-01 5.022525776851103352e-01 3.374136649798204490e-01 3.661152208991735324e-01
4.250201146631752414e-01 4.892050150320182422e-01 3.295321299271962712e-01 4.913324719903366944e-01 3.879759287818806412e-01 3.401026088091290145e-01 3.253285005856198508e-01 3.254272380599247394e-01 4.360025393551722472e-01 1.000000000000000000e+00 5.121654437283512662e-01 1.610200525844961983e-01 3.244134533960583155e-01 4.746530279224387416e-01 7.246597192276479360e-01 2.997815725609910276e-01 6.072261501078611845e-01 4.484542258648865909e-01 2.728995609210335682e-01 1.999931983642199984e-01 6.083696116006028776e-01 3.356446898635310760e-01 4.080230159504376064e-01 4.635146091307220662e-01 3.750771564045573547e-01 2.602233073706160527e-01 4.422639879224682380e-01 4.708606655177211553e-01 2.946230207224015407e-01 5.340843456708146419e-01 3.921890350901792166e-01 2.734379479347294195e-01 2.703465625729146726e-01 2.778351599815266360e-01 4.289482065283356516e-01 3.186056454420990725e-01 4.759350162111673499e-01 4.568715553285668807e-01 3.113449367531804235e-01 3.811126451459786457e-01 5.658276258786428814e-01 4.695421816464095399e-01 5.539388844920978272e-01 5.393308271540392385e-01 3.296434196129054417e-01 3.102485632112593206e-01 5.209361654153379373e-01 7.325465285830193851e-01 3.690157154749690860e-01 5.673595209180524179e-01 7.403148018069785063e-01 6.434915396727656223e-01 2.672043311228023965e-01 3.213534516132661722e-01 4.700971307362268314e-01 5.240985548282670603e-01 7.442375097305687914e-01 5.311339857801397057e-01 4.646785176705949261e-01 4.669593198703252401e-01 5.692864352145494689e-01 3.848209016937000349e-01 1.676469224751643838e-01 2.601410923780725359e-01 3.730276144320578413e-01 1.977168303100952651e-01 2.956524925265289760e-01 3.488068989068212056e-01 6.357392392541157955e-01 2.573817344649612093e-01 5.689497492982191762e-01 5.201411158325164319e-01 2.383623782900763655e-01 4.082900387031802580e-01 1.562453057752888341e-01 3.369852914298748781e-01 7.514086797411567709e-01 4.771885837560017052e-01 7.237878111383938551e-01 3.716089134873987176e-01
4.904716450007063355e-01 4.919950626791744774e-01 4.249051137669673794e-01 4.227685518144657650e-01 3.688813828348476154e-01 5.145985195559917846e-01 4.380037485969954236e-01 3.310678314142542211e-01 4.092616246140359793e-01 5.121654437283512662e-01 1.000000000000000000e+00 2.577746090856795624e-01 4.973878242457846488e-01 6.684835456045677970e-01 4.063070001857135294e-01 3.827651009752285338e-01 4.458916067895289381e-01 5.682630075581717177e-01 4.798479278761124678e-01 2.651146041232215755e-01 3.358432798266162700e-01 3.189597862535527018e-01 5.421983325957323574e-01 7.142307268483985006e-01 2.482146935232389939e-01 3.636797019458353208e-01 5.105390533534549524e-01 6.206636088726495970e-01 1.900317101177242674e-01 5.939300443197526036e-01 3.688123094674610747e-01 2.904130305354345465e-01 2.167036075754419089e-01 5.022896291238782007e-01 4.557049369683508488e-01 5.228958010452281480e-01 5.455857785137083749e-01 2.980080250168614109e-01 4.562466013156745159e-01 4.286130503913705980e-01 5.178128586571613123e-01 5.966839455115104940e-01 4.043326416091149178e-01 6.061368061473229041e-01 4.480729910310417563e-01 4.158893521550366956e-01 5.217269358644486266e-01 4.972958922064157350e-01 4.272077724740444005e-01 5.930901391125246169e-01 5.572359928480057345e-01 3.653465853600700863e-01 3.902017063701391786e-01 2.650263118689848985e-01 5.674513233487368247e-01 5.312374806067833299e-01 5.492286066356170116e-01 5.654717337253607479e-01 5.013237054623650435e-01 5.493483023609264659e-01 4.525819852569162305e-01 4.595807548413101684e-01 3.763200552573699453e-01 2.879466519594359175e-01 6.167006830822048258e-01 2.480150974602576275e-01 3.013929816910150272e-01 4.965882148391657092e-01 3.689986876894657541e-01 2.451696427819448632e-01 4.810035108629900913e-01 6.248521150255167411e-01 3.585619567530549112e-01 4.472197217887055598e-01 2.815369579599769079e-01 3.521303279385762375e-01 5.088768475599344532e-01 4.302591708172115448e-01 5.243504681378187149e-01 4.947469767415901831e-01
1.995994277188489763e-01 2.091696409836855952e-01 2.810547164363959016e-01 2.540533053216184611e-01 2.397893230028872169e-01 2.012524198451303981e-01 2.897718590469967603e-01 2.951419392152764831e-01 2.382642076164769585e-01 1.610200525844961983e-01 2.577746090856795624e-01 1.000000000000000000e+00 3.103316312113383879e-01 2.246875764961680233e-01 1.883560222031852305e-01 4.788324418992291887e-01 1.677554700305086410e-01 1.843418627003318155e-01 3.122699241402709935e-01 3.067946531994725778e-01 1.197523182669995856e-01 1.329589086811005239e-01 2.946774538568487922e-01 1.920903815453098573e-01 8.221249819829168359e-02 4.164271675632509329e-01 1.644463430525481551e-01 2.787163396450921260e-01 1.339027618259142072e-01 2.499320601846380108e-01 2.357899040603105290e-01 3.736266856059486385e-01 2.364380164906166870e-01 3.536236703827186911e-01 1.805036131962485801e-01 2.029061654437235296e-01 1.820119279481351160e-01 1.467361391328999287e-01 3.162929628822923056e-01 2.110753134102338613e-01 1.866609075061456957e-01 2.716006741542262293e-01 2.032202498909085331e-01 1.674312212207500483e-01 4.076767771491845438e-01 2.381064582177007671e-01 1.929138570620750337e-01 1.806810451821455610e-01 2.608183714132605302e-01 2.366058933614174076e-01 2.177811852556192640e-01 1.191973254631143314e-01 2.659914864130673573e-01 1.814441025454418266e-01 1.860867620358035435e-01 2.282405440367363536e-01 2.080425228437432772e-01 1.881882884411390511e-01 2.363693750987332642e-01 1.815658483091873165e-01 2.245177444143183765e-01 3.384682719924613781e-01 2.027140309853061595e-01 3.340703356867404938e-01 3.021706710607817148e-01 2.576098876248053560e-01 2.971239149996173778e-01 4.364932517814004154e-01 1.652585429437684050e-01 3.709120384411036531e-01 2.643363165701295148e-01 1.764969858939921810e-01 3.013526236962882909e-01 2.337021016365401216e-01 2.609073533241089704e-01 3.686425709561946262e-01 2.415896610989402837e-01 1.404155421280193217e-01 1.589190164292968999e-01 2.001142989445209019e-01
3.778397706759027974e-01 5.717649138299809586e-01 7.348917458540542569e-01 4.179801893479414554e-01 3.053112982990220381e-01 6.284095486354952520e-01 4.193574012813038876e-01 4.488348919155539241e-01 4.095473676778718652e-01 3.244134533960583155e-01 4.973878242457846488e-01 3.103316312113383879e-01 1.000000000000000000e+00 4.720601537185578622e-01 2.624094712418073017e-01 5.634734122321480854e-01 3.545846374504811882e-01 5.063167329826971930e-01 4.320651320409719109e-01 3.750494058356698690e-01 2.710560015866849137e-01 3.292870117120018647e-01 7.115444435599473927e-01 4.530024812127369516e-01 2.974221280597985073e-01 4.277646114921352938e-01 4.560566845178836148e-01 6.045821004290076184e-01 3.679500544684271013e-01 5.169146751983959565e-01 4.683494001597954259e-01 4.761307462180079941e-01 3.277484015700776743e-01 5.127012889976810817e-01 5.161521950526809510e-01 4.631658518142076075e-01 3.818434119461955323e-01 3.967871037792797262e-01 6.345028815981094139e-01 3.289454779881587632e-01 3.618652264869053892e-01 5.589387791369838654e-01 3.726162501706752339e-01 4.839626099274672577e-01 7.153468671299370030e-01 6.525749797275867126e-01 4.746962098479019510e-01 3.599378240561807996e-01 4.199329963605963889e-01 5.057999127707819564e-01 4.611886694764021910e-01 2.939716971198264028e-01 5.569725041554911549e-01 2.874507157200770768e-01 6.423378139327386993e-01 4.732126339273022841e-01 3.586699031369295354e-01 3.702567026026248875e-01 4.755861963823489469e-01 5.030119015312587427e-01 3.969626442385236209e-01 6.579446993445319247e-01 3.535533432956220468e-01 3.328463238454504869e-01 6.014806449479386252e-01 2.939392170520338521e-01 4.254034577508724047e-01 6.770111326909109550e-01 3.362037769733492443e-01 4.050158656035904303e-01 4.505170517899599325e-01 4.497604734864977805e-01 3.009277264938186036e-01 5.895248620120583372e-01 2.636303250117714159e-01 4.459246690610193520e-01 3.703539421147810096e-01 4.288849914892969850e-01 3.479724476477697448e-01 6.053618237538185287e-01
3.992772251976351439e-01 6.007389567369311179e-01 3.862963113062001796e-01 3.529675817945696070e-01 2.774974852584206064e-01 5.305981172863704076e-01 3.388127883471029889e-01 3.340586586071833120e-01 3.731404496796212333e-01 4.746530279224387416e-01 6.684835456045677970e-01 2.246875764961680233e-01 4.720601537185578622e-01 1.000000000000000000e+00 3.503251053403062532e-01 3.442963042837549059e-01 4.265482971017067193e-01 5.001924375494360975e-01 3.169664573823650633e-01 2.166732450888856909e-01 2.936606229177387006e-01 2.808566699420377843e-01 5.192967137310786629e-01 6.833404329082647388e-01 2.036266685743504112e-01 3.526730793784340068e-01 3.858771204934018928e-01 5.564084686646946221e-01 1.799607538443749599e-01 6.426173299461087618e-01 3.552971199570719718e-01 2.997236110799847975e-01 1.523871284062357223e-01 4.053393042266104640e-01 4.373898474092866584e-01 4.072942899901520475e-01 5.438888925515834583e-01 2.760744859622343839e-01 4.539387660202464092e-01 2.958448001074758249e-01 5.016317740402863601e-01 5.310068306810158401e-01 4.073894495789297521e-01 6.234973133675514312e-01 4.232201407281495076e-01 3.347486341238884999e-01 4.433357724776824660e-01 4.461603006236185553e-01 4.059634519846390122e-01 5.798276367111310226e-01 5.881996450113856634e-01 3.442561790239302422e-01 3.896047821783028553e-01 1.882604989951415786e-01 4.963189356159506405e-01 5.274413233036101545e-01 4.459337345927699703e-01 4.224814303119739378e-01 4.746972231747199067e-01 5.560063481340015157e-01 4.134144670793529208e-01 4.967369094550919129e-01 2.247708775236296475e-01 2.259321886413156732e-01 5.511177388641753661e-01 1.800846327645613809e-01 2.536532573184724915e-01 4.317244769092343226e-01 3.275662134063649922e-01 2.457337588963110497e-01 5.284529429864620598e-01 7.091419454182577020e-01 2.340532492394755415e-01 4.542985750186102067e-01 1.317934141162296346e-01 3.474079665712617726e-01 5.083712711944776697e-01 4.418916497416123246e-01 4.897794998144724410e-01 5.366265039311461926e-01
4.031504945379130178e-01 4.483201956343173533e-01 3.348082954474261297e-01 4.419210104636818182e-01 3.927523478711668625e-01 2.720993996564441408e-01 3.290535249049951205e-01 4.169992887124076009e-01 4.757861608471114501e-01 7.246597192276479360e-01 4.063070001857135294e-01 1.883560222031852305e-01 2.624094712418073017e-01 3.503251053403062532e-01 1.000000000000000000e+00 3.348361197700491787e-01 5.801693605899134187e-01 3.958684544318872289e-01 2.018706508512759512e-01 2.273119997718921204e-01 6.957423664312040179e-01 2.073525445746257634e-01 3.308879344024878710e-01 3.402441148682049943e-01 2.790969050969944742e-01 3.070430706539420962e-01 4.401848715166359338e-01 3.790171332733438536e-01 2.670868224425262394e-01 4.459916471466041643e-01 5.134476375117611457e-01 3.487525522592744842e-01 3.246316493812136383e-01 2.428324463001491074e-01 3.997956170792679731e-01 2.689842555724313855e-01 4.743866137729335630e-01 4.238804026795524038e-01 2.777106385738125627e-01 3.251502091966048114e-01 5.699264663844991752e-01 4.499853478818806596e-01 6.157804453275703693e-01 4.385460916318638658e-01 3.209370693311507927e-01 2.488618103161181205e-01 4.756613991395344798e-01 6.378464974882065430e-01 3.927795477870297813e-01 5.208590780234887418e-01 6.972884804810103310e-01 5.280472282593143829e-01 2.202009532193140995e-01 2.616313368877776768e-01 4.010484353418654058e-01 5.464465755189068519e-01 5.855027670403478712e-01 5.200109153888045066e-01 4.497647491732522651e-01 3.660416780126709013e-01 6.884265629083341498e-01 4.012091731815641271e-01 1.777458914720636274e-01 2.670770701266877989e-01 2.774109746787591924e-01 1.231721964616833975e-01 3.231213263267403435e-01 3.063674892899030944e-01 5.854696934361762750e-01 2.518703308873077029e-01 5.741803550414169566e-01 3.812869442062886693e-01 2.288181248058968054e-01 4.535568011246919329e-01 9.190505812061804114e-02 4.119870188382694920e-01 7.633222313612806342e-01 4.686653830021713096e-01 7.030711147074515388e-01 2.969824853036342471e-01
2.986433828962450354e-01 4.200488781890713841e-01 5.355151821372446941e-01 5.143383023035362767e-01 2.770452413643453848e-01 3.831914987419854368e-01 3.244539869281997113e-01 4.176552979512374031e-01 3.598332284099195477e-01 2.997815725609910276e-01 3.827651009752285338e-01 4.788324418992291887e-01 5.634734122321480854e-01 3.442963042837549059e-01 3.348361197700491787e-01 1.000000000000000000e+00 2.372903251209011466e-01 2.996850042057997432e-01 3.745317303012130061e-01 4.314803267451056690e-01 1.671644382474259671e-01 9.145616858882750499e-02 5.114233600023735393e-01 3.110380048255096397e-01 3.951965431992059130e-02 5.504158774218805839e-01 3.621555434743263802e-01 4.394312803400480250e-01 1.517686910788574872e-01 4.069079383314905263e-01 4.765812948132855942e-01 6.354804848949365814e-01 3.572102952221788419e-01 4.535423357573430403e-01 3.721313964184059242e-01 3.753500414041209265e-01 2.497276970023701304e-01 2.103163098967848199e-01 6.075927080031280347e-01 2.565243707654696892e-01 2.569372006546571385e-01 4.888287265729265862e-01 2.833461907411354841e-01 3.639661615831453756e-01 7.641652252317020499e-01 3.765167597924839460e-01 3.441829935584984623e-01 3.001045123278737181e-01 3.339337094341188195e-01 4.429929834959800417e-01 4.282188988438394017e-01 1.307923120730810906e-01 4.682693875436803044e-01 2.261766851629857800e-01 3.532743373954340682e-01 4.276164283114802234e-01 2.851430390493862044e-01 3.124229743863961573e-01 4.436869011342619573e-01 3.489221412618489504e-01 3.975201991996212825e-01 6.306279630176040429e-01 3.497179605383153866e-01 3.172969919244252868e-01 4.590980263345743606e-01 2.286585118214706502e-01 4.303402062758709956e-01 7.264714758595538502e-01 2.138183197037062666e-01 6.152986775043508549e-01 4.464022683292881988e-01 3.383386881814293146e-01 2.198253816492981849e-01 4.110014569211602464e-01 1.717639859657567603e-01 5.632504879632093120e-01 4.199344279383391276e-01 2.934614120759670985e-01 2.766545272249812393e-01 3.435680065027486574e-01
3.525290802481509944e-01 5.185530989678307501e-01 3.425971288972287088e-01 4.201135681537138122e-01 3.934963424963665024e-01 3.568817944723918778e-01 3.387154626103751065e-01 3.034852947986992899e-01 3.908980918331919074e-01 6.072261501078611845e-01 4.458916067895289381e-01 1.677554700305086410e-01 3.545846374504811882e-01 4.265482971017067193e-01 5.801693605899134187e-01 2.372903251209011466e-01 1.000000000000000000e+00 4.316382550912902794e-01 3.527770966865825253e-01 1.917218023106963820e-01 7.170122519305993647e-01 5.436507480507283274e-01 4.272918640805994372e-01 4.028408840345924502e-01 5.280110055931078739e-01 2.275284168934145201e-01 3.784957251162548442e-01 4.152574000269545484e-01 3.735175670184796570e-01 5.428493407986448860e-01 3.507396364816915968e-01 2.736870684960195366e-01 3.014842135053779071e-01 3.130926649589214072e-01 3.645861536400141767e-01 4.006954490452788176e-01 4.159730099158178152e-01 5.602209633904519093e-01 3.193913532849594894e-01 4.524676984591781137e-01 6.982399284551719099e-01 4.290780964499660288e-01 5.919590178194252816e-01 4.692728045274801030e-01 3.041063131237399797e-01 4.007918923804723033e-01 3.765130011944106680e-01 5.527665426723501474e-01 3.553466689981206739e-01 4.989393715711137323e-01 6.133269505240656061e-01 7.168953438706882064e-01 3.016894389391880371e-01 3.345589416215545842e-01 4.406267189579154420e-01 4.409459749118802563e-01 6.203862315385879622e-01 4.293315602185586721e-01 4.539866679810414252e-01 4.943115186975937103e-01 4.837150304859444971e-01 3.413344789317503958e-01 2.814488057158099354e-01 2.715565894407426240e-01 3.706626911664246404e-01 2.800802908805963276e-01 2.834850452903681095e-01 2.951899860207584103e-01 7.097313404505087853e-01 1.634138076326447087e-01 5.269734330413787804e-01 4.303703708684949447e-01 3.507163179410116016e-01 3.567106165533977524e-01 2.691306034916339240e-01 2.540669175389363432e-01 5.680412638417674520e-01 4.016947965134129994e-01 7.329550124741136541e-01 3.933339183258048322e-01
4.256493745760103198e-01 5.351291684265835347e-01 5.113482789147640872e-01 3.813095769055628859e-01 4.197357527115287978e-01 5.078773777936775868e-01 3.569516774385381730e-01 3.826847525755876500e-01 3.427294368117710377e-01 4.484542258648865909e-01 5.682630075581717177e-01 1.843418627003318155e-01 5.063167329826971930e-01 5.001924375494360975e-01 3.958684544318872289e-01 2.996850042057997432e-01 4.316382550912902794e-01 1.000000000000000000e+00 3.569920400610475664e-01 2.769062776543477766e-01 3.921542659377418305e-01 2.996801623900757217e-01 5.753358130077372845e-01 5.542608704992331159e-01 2.928563316836486630e-01 3.237580231959998334e-01 6.053739669942417301e-01 6.131260243198405346e-01 3.466678011409530247e-01 5.160201914694487746e-01 3.695858117571336199e-01 3.035829451310327887e-01 2.315028287104309856e-01 3.822799516487147553e-01 6.148274736732498580e-01 3.612828638745565479e-01 4.949396031359544201e-01 3.882748908299291091e-01 4.066834507560359580e-01 3.990407594523660562e-01 5.053815176717858515e-01 5.814374167882689903e-01 4.452008349759479788e-01 6.745473666746600871e-01 3.861082374416334173e-01 5.901377635580037362e-01 5.466457776669324531e-01 4.979672494180183984e-01 4.270707820216253503e-01 6.651876165514190031e-01 5.541948460904480012e-01 3.997497733401524367e-01 3.345171043348475481e-01 3.214225291569114407e-01 6.853387310919404340e-01 6.219285913692608192e-01 4.753069166865808159e-01 4.944617317519197086e-01 4.952883401716212664e-01 4.280684629226377824e-01 4.572729908079304351e-01 4.944750575450922447e-01 3.223952255900758290e-01 3.292127852199737692e-01 4.614420040388526600e-01 2.474555932686063053e-01 3.376410268478521326e-01 4.175471861905320492e-01 4.369971838072744807e-01 2.299765291394216815e-01 5.192519399350712384e-01 5.788075764022265757e-01 3.213580571133665131e-01 5.090382250204052994e-01 2.440951937589850018e-01 3.405343593968058746e-01 4.936229120503407009e-01 5.409127534512544466e-01 4.693909689532984042e-01 5.819379212239230714e-01
3.032875655229000378e-01 3.226767443723045914e-01 3.397631758000478897e-01 3.217856254215888390e-01 3.373168310645393575e-01 4.167779274788083743e-01 3.532603463960052870e-01 2.007531968708929915e-01 2.339944130949505319e-01 2.728995609210335682e-01 4.798479278761124678e-01 3.122699241402709935e-01 4.320651320409719109e-01 3.169664573823650633e-01 2.018706508512759512e-01 3.745317303012130061e-01 3.527770966865825253e-01 3.569920400610475664e-01 1.000000000000000000e+00 3.473686357133102254e-01 2.011570885264505060e-01 3.804198395338533323e-01 4.658005850794186831e-01 3.977961445737698831e-01 2.433211419405739984e-01 2.685963044237780761e-01 2.690724139849880459e-01 4.040225995484095778e-01 1.834412885447162800e-01 4.198658151415493589e-01 1.699430160261821976e-01 2.560962533821634080e-01 2.423986346285685600e-01 4.876653631568634295e-01 2.640834319201951774e-01 5.495887946338373631e-01 3.014195744150494627e-01 2.478449922887652757e-01 4.340426950033004494e-01 5.416436778523885387e-01 3.783733737339728398e-01 3.605282296560027855e-01 2.448778237976817485e-01 3.316487059597322817e-01 4.305925729771246102e-01 3.930560778842042691e-01 2.723159684313599116e-01 2.449044988707248238e-01 2.716067192181754741e-01 3.164160001609199191e-01 3.424511688618793182e-01 2.417561251890983365e-01 4.989800280225936135e-01 2.197912107929896608e-01 3.868489370329683541e-01 2.382337355515649069e-01 3.370765254472780637e-01 3.040409739628124330e-01 3.196966433363734317e-01 4.127355727127934304e-01 2.893234714120678785e-01 3.061744821199658961e-01 5.862110508778682894e-01 3.643534862049033207e-01 6.130592621238194484e-01 4.374754033781392271e-01 2.997423065217944549e-01 4.391941843428726067e-01 2.242882377786522274e-01 2.334117360480098546e-01 2.639173787816918582e-01 3.055202712320386205e-01 3.563178959945554891e-01 2.474412960496343572e-01 4.931651106317045397e-01 2.528833746014260142e-01 2.499183025896404009e-01 1.945827584524663922e-01 3.440129523756169094e-01 3.865426239698442346e-01
4.131060589577348341e-01 1.963188891714079398e-01 3.561212471644554234e-01 2.627652603241452112e-01 3.827629868478906183e-01 2.328340702748958047e-01 2.462262791593988476e-01 3.878949717090912075e-01 4.049255211099059282e-01 1.999931983642199984e-01 2.651146041232215755e-01 3.067946531994725778e-01 3.750494058356698690e-01 2.166732450888856909e-01 2.273119997718921204e-01 4.314803267451056690e-01 1.917218023106963820e-01 2.769062776543477766e-01 3.473686357133102254e-01 1.000000000000000000e+00 2.268335934384554109e-01 6.459316878819612584e-02 3.043562802048040972e-01 2.432691467209537606e-01 6.681694060393061907e-02 3.455877094308234532e-01 2.314036692196284883e-01 3.247646118053618136e-01 2.537711640623636633e-01 2.692527480548683183e-01 2.561223219325209910e-01 3.806556100320694358e-01 3.490838886358317850e-01 2.440004472452634854e-01 3.239128880052343229e-01 2.600653465631731498e-01 3.288977927377079724e-01 2.221541916004445005e-01 2.323541684747703062e-01 2.446735298563797179e-01 1.681104387222589480e-01 3.159577263513411727e-01 3.539605207487238614e-01 2.605700566139073637e-01 4.172683949670198955e-01 2.914993225071186855e-01 3.540501203643383055e-01 2.636130225044234776e-01 4.316506754645183519e-01 2.422996358191924771e-01 2.248253272307706163e-01 1.046150059244710245e-01 2.676646337818350818e-01 1.778670501077249666e-01 2.972648371531481093e-01 3.156803131758091352e-01 1.564410607887322113e-01 3.410845128924940850e-01 2.682127815941433013e-01 2.201008406699554998e-01 3.266561369049453267e-01 4.019533282718735223e-01 3.354277544402190503e-01 5.064615446275672062e-01 2.740877430170339246e-01 3.544141734664430499e-01 6.669651466875401447e-01 3.748546744942373166e-01 1.908972943871799499e-01 3.724217810427560837e-01 2.467676877197869934e-01 2.225284658054542397e-01 2.074270806823447777e-01 3.765674140828951799e-01 3.500238943352569354e-01 5.177671360516542531e-01 2.745856277083136843e-01 3.012433550484104883e-01 1.601996340795711349e-01 2.747665241770400057e-01
