1.000000000000000000e+00 1.811474328487248930e-01 1.523229404212627092e-01 2.662949020257353583e-01 4.093297322647634351e-01 2.881480100112028264e-01 4.044262054809839024e-01 4.958059777523427525e-01 2.751987825541613031e-01 4.410474783631208040e-01 5.776281010963942864e-01 5.882957361790633888e-01 5.939605870302133717e-01 1.604550238586077981e-01 6.443517906486116997e-01 1.995401998525039855e-01 1.517022514875495942e-01 3.749797794632104830e-01 3.557482882813695069e-01 4.213778710825060725e-01 2.431609794036711514e-01 5.012545585976235785e-01 3.159993596335819444e-01 3.497332258928071425e-01 3.267036528740417389e-01 3.050369835772140936e-01 5.333288206602972981e-01 3.527484262883425759e-01 4.062222179295660318e-01 2.161758625940917722e-01 2.287354639245531840e-01 3.754724842645667526e-01 7.087639708402292404e-01 4.289339590467445840e-01 4.019347641978965324e-01 4.145237771887012590e-01 2.883753771424651391e-01 5.970704435210404393e-01 4.813462927273516878e-01 4.236995500595381325e-01 3.034068623131842002e-01 3.523131491759863843e-01 4.792812386895794474e-01 6.280704769555293110e-01 5.738251600818157216e-01 3.519640194000361322e-01 4.888978671915522600e-01 3.360086497311691178e-01 5.969619303651323428e-01 2.487780402011428305e-01 4.315927461969051304e-01 4.097166164172192926e-01 2.224515520349505671e-01 2.933171489242958896e-01 4.681737050049439852e-01 4.692609257282536750e-01 4.522508107457645643e-01 2.968164893918395775e-01 3.759035953417797504e-01 4.724188142800697099e-01 3.578401316054231063e-01 7.291524674938344441e-01 4.615176822834581305e-01 4.098808204836750790e-01 4.513819739205656156e-01 4.462519241913077694e-01 3.351818966586647131e-01 5.521934216682998775e-01 6.248637962343203123e-01 4.994526589246015558e-01 3.477337704825280706e-01 2.077565270612630743e-01 4.655332864746903887e-01 3.694780177479752847e-01 5.519966271377405587e-01 4.199966649054657220e-01 3.190440786629700209e-01 4.983901500494689607e-01 5.340308505107884685e-01 3.640939963644009847e-01 4.445852695079159367e-01 3.378165406201506515e-01 1.059857986140258362e-01 1.965700313721201464e-01 3.362498296985617641e-01 4.642784792711650010e-01 3.220510544525795882e-01 4.432502904647530606e-01 2.840857034797827918e-01 3.353942997824861938e-01 4.316118866718497427e-01 5.030720099417559377e-01 3.969185643623805437e-01 6.425286438673885048e-01 3.563571298441776669e-01 2.375613799701620787e-01 4.218374521313007497e-01 3.773351138238171254e-01
1.811474328487248930e-01 1.000000000000000000e+00 2.821266454483984942e-01 4.688454988040489657e-01 3.313038001221847439e-01 1.469355899002581511e-01 1.644873226194739912e-01 3.067224717307890924e-01 2.022767254947349658e-01 1.947637121112256176e-01 2.002565766256559354e-01 3.133928037129496968e-01 2.161771143932895434e-01 3.015757171881632281e-01 3.164348128974973084e-01 6.653613228780353994e-01 1.726352292364145280e-01 1.880685539062054157e-01 9.986301456633887852e-02 2.252838782958846431e-01 4.345422996364397550e-01 2.938259524495886454e-01 1.557017243666083683e-01 3.307226351118437435e-01 1.276986999685079671e-01 1.712931170978581608e-01 3.194926528477042837e-01 5.987297421667056030e-01 3.242068254965444485e-01 2.783229058830750668e-01 4.860388369356515303e-01 4.190128972620823511e-01 1.775305254384377251e-01 4.517688902715605304e-01 2.034713691322899143e-01 1.565970354828781219e-01 4.926244567610139069e-01 2.991173296531726145e-01 2.063530151714757788e-01 2.566530525567994880e-01 2.140962401352532740e-01 5.476449610537226231e-01 3.171464248148757048e-01 2.168474414631798575e-01 1.559252378218024815e-01 3.466811408973300979e-01 3.234494790547197129e-01 1.892158904373544837e-01 1.329568311980013351e-01 4.213771715000960150e-01 2.857355912599841563e-01 2.789596290789410071e-01 4.297267059388516497e-01 2.256146207914030422e-01 4.021439952368742743e-01 2.405914450866554755e-01 4.343086900809196571e-01 3.700483391978205971e-01 3.085410981739277747e-01 3.333996066338702491e-01 4.191082935051365643e-01 1.723421403869658808e-01 1.740952735232629001e-01 1.781825397978607228e-01 2.344032060204368495e-01 3.642235797960626797e-01 1.838208757292414952e-01 2.059467774316497135e-01 2.381919630976975510e-01 2.411629266352467715e-01 3.806841116691482285e-01 2.354289238884607061e-01 3.097642993233063469e-01 1.276965674229467163e-01 3.618505183107867396e-01 4.437160690626270609e-01 4.921412107200412445e-01 2.410533684156214995e-01 1.626031312388243055e-01 3.134534795744646773e-01 3.459495999742294159e-01 2.683841388476266299e-01 5.702977218930056491e-01 1.508536090986187239e-01 4.568907531601313354e-01 2.878820101032830703e-01 1.832063966957833689e-01 3.259335441694164448e-01 1.428971504859622987e-01 3.441751289445738049e-01 1.950563564803538263e-01 2.438025588427711332e-01 1.293081188604325305e-01 3.080024027360704353e-01 1.388034416062409737e-01 3.183099566773222588e-01 1.608462232154918015e-01 3.457677149919533566e-01
1.523229404212627092e-01 2.821266454483984942e-01 1.000000000000000000e+00 2.548585525314263078e-01 2.436766916353761414e-01 4.652302130760706533e-01 2.126098648444209316e-01 2.137234971719514931e-01 3.289544480701305784e-01 2.576555627723881026e-01 1.830984970982976745e-01 1.565199413693569575e-01 1.770176054055969672e-01 5.519911614349123363e-01 1.571618804504969491e-01 1.951204138973365587e-01 9.483600649626999779e-02 4.991115403358354352e-01 6.117868226920840646e-01 7.061064906137841379e-02 1.885955943183122152e-01 3.053043717867343076e-01 7.477740879067142910e-01 5.069112049228425426e-02 2.927552983392166519e-01 5.338922127113788357e-02 2.052823094903176160e-01 3.166822513260249550e-01 3.311016796950412289e-01 3.347909240837679268e-01 2.910975535745198295e-01 4.148310966215809081e-01 1.731923334045507024e-01 3.538235019417418914e-01 2.331344093958369335e-01 2.020790067587379946e-01 2.330733350417821259e-01 2.561202334839395300e-01 3.413193662975896325e-01 2.131485850603371257e-01 2.767808669932112497e-01 3.097064060278478803e-01 2.805797051853946567e-01 1.481626289225892179e-01 1.863492354108981786e-01 2.609998336145333830e-01 2.915042578393385320e-01 2.426688529635993297e-01 2.065815727317942274e-01 2.649431595850009757e-01 1.782581586481549740e-01 4.071894685664058655e-01 2.321855293126806052e-01 1.094439036057085340e-01 2.209924183579384804e-01 1.926749190001497414e-01 3.225325100614132023e-01 3.184703859339193532e-01 4.299288658460655999e-01 2.932351223503805171e-01 2.971633254862290352e-01 1.851072043286945967e-01 1.223893792667615776e-01 4.505151309340787447e-01 2.893576178369218765e-01 3.150517339203220413e-01 3.040702160800583254e-02 2.175580699365592952e-01 1.423128635799394415e-01 2.671707923786709182e-01 3.852003224699042661e-01 2.687753836825690357e-01 1.768908902093799806e-01 1.168613460250697705e-01 3.073673022054472237e-01 1.976627457438948077e-01 3.812948516470008320e-01 2.021745276016766457e-01 2.828986936153717324e-01 2.186084053859273513e-01 2.886967242192435834e-01 1.296290459174545828e-01 1.420720310682915821e-01 2.971657350739179138e-01 1.389695097567104909e-01 3.128962953778575695e-01 9.917549941466971553e-02 2.519403968549140949e-01 6.213430129809688340e-02 1.566274781649742986e-01 4.468043862242116471e-01 1.322817203459369373e-01 1.233283457169281894e-01 1.756661169244423115e-01 2.129643876424540117e-01 2.080680503654925018e-01 3.286905545866738443e-01 4.983667347848117490e-01
2.662949020257353583e-01 4.688454988040489657e-01 2.548585525314263078e-01 1.000000000000000000e+00 6.832486674473287058e-01 1.756080544732053772e-01 3.194832688253501640e-01 2.980317061529584866e-01 2.373067343167566401e-01 3.202766509036573117e-01 2.851130938446666541e-01 3.790095966658005855e-01 2.755182951902039878e-01 2.881346768478964537e-01 3.891693644085778003e-01 5.587997344043076353e-01 2.356165620259634552e-01 2.090388292219673705e-01 1.793882835484025828e-01 2.883586496163932922e-01 6.509865961339267315e-01 3.352235038577187076e-01 2.131529715989549933e-01 3.835196415698886585e-01 1.420003613030011158e-01 2.975347704811071581e-01 4.667645042990031801e-01 4.975103520622380926e-01 3.264791281503976461e-01 2.518955241946146950e-01 4.068386446668702527e-01 5.123241505237371429e-01 3.012640371140973272e-01 4.098293499714593668e-01 2.261034065876941779e-01 3.293450351691337152e-01 6.786655309202299646e-01 3.601256570517563649e-01 2.399521508712291196e-01 2.654795757323994976e-01 2.114359046699968714e-01 5.467793455190246288e-01 4.382439849893302597e-01 2.875258440212895561e-01 2.373255491422859020e-01 2.884655518576615396e-01 4.151292639337065271e-01 2.553570516445015648e-01 3.028226914072766895e-01 4.695977216611788574e-01 4.313557791167560440e-01 2.837073083563480536e-01 5.875977608802892549e-01 3.442172394912473843e-01 4.189547012655127634e-01 2.030227955522980465e-01 6.069883505740549801e-01 2.977521213068123895e-01 2.954754512753428042e-01 4.570976179887707436e-01 6.516957894021266906e-01 2.934025383232130024e-01 3.210615297012423541e-01 1.738398853221547469e-01 2.779248512963735096e-01 6.154741945186951169e-01 2.751629683432723628e-01 4.006956818217638494e-01 2.747193853529791840e-01 2.741413833594633087e-01 4.318153761041365613e-01 2.919357074071346481e-01 4.399450983136024007e-01 2.429026796507493813e-01 4.514775020814315032e-01 5.317731825973674997e-01 4.795363382116502038e-01 2.996469257165174094e-01 2.331425883364332541e-01 2.820511799111353746e-01 3.875374582194176520e-01 2.484133547020047628e-01 4.118335026658542786e-01 3.365406671813744865e-01 5.233191710980509281e-01 3.224776203270686703e-01 3.616780372447114256e-01 4.774534997795800706e-01 2.082225638274584900e-01 4.822282535226727340e-01 2.150520435980719514e-01 3.982966864097078896e-01 3.775829945829369816e-01 3.296180842652867704e-01 2.180384966637202437e-01 4.322010928036549293e-01 2.299733164106017580e-01 2.991044827145242224e-01
4.093297322647634351e-01 3.313038001221847439e-01 2.436766916353761414e-01 6.832486674473287058e-01 1.000000000000000000e+00 1.962683405590030794e-01 3.894032900069529513e-01 3.621329960407843052e-01 2.088193131033700967e-01 3.646394636694283431e-01 3.918884524090917587e-01 4.261200650101056864e-01 4.072394385130979622e-01 2.344171027969094712e-01 5.399497882107939795e-01 4.056952851888138145e-01 1.815501038449243154e-01 3.128927703072194588e-01 2.643297643123835861e-01 3.296438143250410291e-01 5.020539373851210518e-01 3.472673829470370732e-01 2.883445637357955893e-01 3.486000176887878998e-01 2.410644669739661350e-01 3.057999171788827741e-01 5.432044871638198602e-01 5.032312433745008695e-01 3.525120563476917268e-01 1.997446246076942100e-01 3.235605850830326480e-01 6.024892152822046709e-01 4.515412936997341142e-01 4.430635497243926579e-01 2.587756301020089356e-01 3.927408178926840021e-01 5.997022288557698477e-01 4.435113101253287948e-01 3.390826678634817903e-01 3.251885093704766638e-01 2.295004552913464113e-01 5.595889696456045614e-01 4.605748731257821582e-01 3.706408912081767815e-01 3.628955496018664850e-01 2.928514260607287256e-01 5.724517450443827871e-01 2.669444408664001789e-01 4.135623210774159175e-01 4.084575925879720404e-01 5.108469442538323690e-01 3.587877944803310459e-01 4.299712225923878472e-01 3.055528612070034233e-01 4.678926784795515159e-01 2.794979743649155801e-01 5.976082200161675351e-01 2.794419967832992291e-01 3.317576341036857501e-01 5.291876677643747584e-01 6.374383927166829000e-01 4.428685565606493846e-01 4.073855428970956094e-01 2.669031000484578531e-01 3.462041055100808506e-01 7.866858609606398600e-01 3.066187990173448452e-01 4.885386371803662198e-01 3.429711815231504257e-01 3.700603227219296798e-01 4.535881219319151114e-01 2.326256860778818658e-01 4.393639083481366558e-01 3.107246907446776785e-01 5.579830169891025760e-01 5.820073200862463381e-01 4.608905347442195377e-01 3.509704283405059577e-01 3.455364029008459181e-01 2.895578877958442932e-01 4.437774401259686474e-01 2.274988408874048795e-01 2.851191422553556176e-01 2.569224568726550251e-01 4.535582433758723053e-01 3.847032344664510495e-01 3.429273697415114452e-01 5.005327533539085660e-01 2.271190762133076246e-01 4.219047396864783472e-01 3.211751737765733417e-01 5.731177151690658444e-01 4.319063236537930561e-01 4.035328657103320338e-01 2.962760938217587903e-01 3.564257954384645877e-01 2.920046749517670182e-01 3.432587644883580147e-01
2.881480100112028264e-01 1.469355899002581511e-01 4.652302130760706533e-01 1.756080544732053772e-01 1.962683405590030794e-01 1.000000000000000000e+00 1.858696893807757766e-01 2.223071804709436661e-01 2.942222753014615555e-01 2.274242212890124626e-01 2.897771010832606575e-01 2.165879217378277599e-01 2.166359357038062095e-01 3.202346869054117917e-01 1.824397982530675255e-01 1.362378950368335062e-01 1.887522658131371989e-01 3.431880127273101433e-01 4.822651045006373649e-01 2.145119545314709830e-01 1.785102060674482738e-01 2.476218278298953079e-01 5.544475290400889822e-01 1.958130666537898912e-01 2.512720180651414337e-01 1.271809952580452430e-01 1.606032622034761215e-01 1.956013735104767670e-01 3.389534158173010958e-01 4.086836961230763121e-01 2.498850947412832868e-01 3.190522403673626273e-01 2.729233057672141305e-01 2.283849091908279894e-01 2.257916857616650841e-01 2.505080398463993552e-01 1.775192679136152751e-01 2.734439519790416440e-01 3.057350664573679211e-01 2.507482688799930748e-01 3.047704116558870302e-01 1.866247561130667254e-01 2.617307719258638588e-01 2.173708330232335673e-01 2.333334469861172433e-01 2.807978652820855014e-01 2.752691374402840285e-01 2.209051289383062167e-01 2.376389993188432193e-01 2.208612247340403512e-01 1.449061078305475259e-01 4.614433045374583542e-01 1.558733671621782002e-01 1.381672872766218363e-01 2.343671278816336079e-01 2.362149747443473558e-01 2.738642332372222543e-01 3.229590870804013303e-01 3.023166804845511813e-01 2.281893959281248996e-01 2.548598465914297950e-01 2.555085688078904127e-01 1.820752008583509662e-01 3.439615272092359510e-01 2.798741590407837210e-01 2.431550148364302888e-01 1.577520615879114685e-01 2.273411110973327653e-01 2.303678494523713760e-01 3.321119203394348185e-01 2.307399091481766029e-01 3.475853358492603240e-01 1.970843043872551048e-01 2.088190938714874489e-01 2.626129156560925715e-01 1.440751317174634449e-01 2.645309200753905854e-01 2.438908547325901455e-01 4.098999700420929426e-01 2.027809961441021380e-01 2.382155591751221047e-01 2.099582218144826207e-01 6.803228026247028215e-02 2.093148843421212824e-01 1.959942416659743725e-01 2.612834537187990747e-01 2.065503866798132915e-01 2.717662249008028219e-01 1.848150308806685849e-01 2.613240807091444240e-01 3.610720445601341977e-01 1.495380099414403696e-01 2.207580290707309989e-01 2.399831975999364153e-01 2.938638000888973423e-01 2.131355861343814662e-01 4.291690683866060674e-01 3.197777320347700014e-01
4.044262054809839024e-01 1.644873226194739912e-01 2.126098648444209316e-01 3.194832688253501640e-01 3.894032900069529513e-01 1.858696893807757766e-01 1.000000000000000000e+00 3.774729388432660482e-01 2.717780266636070641e-01 4.819830213417197751e-01 3.666841121397769188e-01 4.502413821388661641e-01 3.733511467716889576e-01 1.867178590066734256e-01 3.346582322787207131e-01 2.311022491603142714e-01 2.404545301223948439e-01 2.285446737161741793e-01 2.907670565765757553e-01 3.573459351530801076e-01 3.580733046393296259e-01 4.308779681633607139e-01 2.568706009348311614e-01 3.989361290438286911e-01 2.254184932370467132e-01 3.233706672119656123e-01 4.227181496038449060e-01 2.308080690585994355e-01 2.840478309277990610e-01 1.311750877271257443e-01 1.810893810821730676e-01 4.338131845392023123e-01 4.718646409774909234e-01 2.541704112647838465e-01 2.735446693146790231e-01 4.381651975119239539e-01 3.074925137884732540e-01 4.206001098784366565e-01 3.655231585878286338e-01 3.856622564508879747e-01 1.868757253784759098e-01 2.854805134626903773e-01 6.249857642565793681e-01 4.407056000690539599e-01 3.606793279020098497e-01 3.440844156474572313e-01 4.138680150792278800e-01 3.131071744421005110e-01 5.288344470162731348e-01 2.830578707567407704e-01 3.198093085207814879e-01 2.520125148673303395e-01 2.753509011646609883e-01 4.812497583936090617e-01 3.201056589019292686e-01 2.854849816169630627e-01 5.435359857690993390e-01 1.496690486457387115e-01 2.275588831752145547e-01 4.126668103632677442e-01 4.309904568811688819e-01 4.027607158604484261e-01 4.767230050157321708e-01 2.650115183696294952e-01 2.647866409443869751e-01 3.965873216524588574e-01 2.896330733985690853e-01 6.433709355976993116e-01 3.737099298876623843e-01 3.389340461413493100e-01 2.728925712961819405e-01 1.493856466212868384e-01 6.246039958422520133e-01 3.029036673438375016e-01 4.633598620018596348e-01 3.007003078762068293e-01 3.545992048481680370e-01 3.883604598732720570e-01 3.396936346408881424e-01 4.351467770531760038e-01 3.109508337569207859e-01 3.550714446612643904e-01 1.609938173043231613e-01 2.774689635483215677e-01 4.114153012114921681e-01 4.328135650851997474e-01 3.864785434804909325e-01 4.681141379931866298e-01 2.671076472401027746e-01 4.435339843958109873e-01 3.280278233857243375e-01 2.742126991809884506e-01 5.612982730167742629e-01 3.778614597660283070e-01 2.314512726933274922e-01 3.375897720965995163e-01 2.935468696305763014e-01 2.540415357402888152e-01
4.958059777523427525e-01 3.067224717307890924e-01 2.137234971719514931e-01 2.980317061529584866e-01 3.621329960407843052e-01 2.223071804709436661e-01 3.774729388432660482e-01 1.000000000000000000e+00 2.791208253314148013e-01 6.382560179784667609e-01 6.489389601805711782e-01 4.789600911991047649e-01 6.394431586007734980e-01 2.495161468805217331e-01 4.452701393158379761e-01 3.142932144292102659e-01 2.226137676991718772e-01 3.916038576973564500e-01 2.632150401639105630e-01 4.508430301131402529e-01 2.506074590040083816e-01 4.567332020842084228e-01 2.651356940558513564e-01 3.573636816642117853e-01 3.489043533612345982e-01 3.784976531346916362e-01 4.244134648160708956e-01 4.417006274649054598e-01 4.626816897980821630e-01 2.306621539038343771e-01 2.881733601727013427e-01 3.478903643935823964e-01 4.440884772918049506e-01 5.007143935054603201e-01 5.225698601071123717e-01 5.502153240018320401e-01 3.548310095044235890e-01 4.669868417574840613e-01 6.121000231940691982e-01 6.490433218370212920e-01 3.619848759994366283e-01 4.864800373042530990e-01 3.896409091106979861e-01 5.004380761507429831e-01 5.533463389763935147e-01 4.103006128454176338e-01 4.222034269408000418e-01 3.198184718495180601e-01 5.152331374453708035e-01 3.231678894699475668e-01 4.430344213161381273e-01 4.076900733998705118e-01 2.276551968356592404e-01 4.003761390390496167e-01 4.823677882131390260e-01 7.014691653210323175e-01 3.941862697136933602e-01 3.517279771155729651e-01 3.678124391506958357e-01 4.252437229061055146e-01 3.521536522052894913e-01 5.120994500940434513e-01 5.659737040264751773e-01 4.773320616152236240e-01 4.940323515271240473e-01 3.992355998723114419e-01 2.415193713901820916e-01 5.594889256102189012e-01 4.097283578857189301e-01 4.941238869015054380e-01 4.749401097133958971e-01 2.235037694331503400e-01 4.364785327461365161e-01 3.987362566911628603e-01 4.899316755272188351e-01 4.394307931904097853e-01 3.737464846057669821e-01 5.532528671235101836e-01 4.021261021021185211e-01 5.655890173570645718e-01 4.804789633897747492e-01 4.102345017586401243e-01 2.285044784680499430e-01 3.436594966311107280e-01 3.655967408713381994e-01 4.921643021459948253e-01 3.230636512472543909e-01 4.099916942527951913e-01 3.170226511778633793e-01 3.390329179544251947e-01 4.241129696503757041e-01 4.041785622684558876e-01 4.780857748691713094e-01 4.176385617340296341e-01 3.491976044184192385e-01 2.735834731736663250e-01 3.720700075286780817e-01 4.322975814398770655e-01
2.751987825541613031e-01 2.022767254947349658e-01 3.289544480701305784e-01 2.373067343167566401e-01 2.088193131033700967e-01 2.942222753014615555e-01 2.717780266636070641e-01 2.791208253314148013e-01 1.000000000000000000e+00 3.478343633076000918e-01 2.681391271861963133e-01 3.155346926382271433e-01 2.683365734200467978e-01 3.581216222711272046e-01 1.626968543491166264e-01 2.146542607803319791e-01 3.192165183014043506e-01 2.649543349959970762e-01 3.114970509171150481e-01 2.032987785228782263e-01 2.303984786066352319e-01 4.112122417750781467e-01 3.418251472401193092e-01 2.415805428040188052e-01 2.019942949466621007e-01 1.732235090255686560e-01 2.166164921380265562e-01 1.837367682222836585e-01 2.818418146508122057e-01 3.767133441239871594e-01 3.182764494666829869e-01 3.298394944696381725e-01 3.182603911543451236e-01 2.447102399565475317e-01 2.006700825599695426e-01 3.351573375414462208e-01 2.798353406047212610e-01 2.714554004465871140e-01 2.945399568995868966e-01 2.071040886979693685e-01 4.101236100595976319e-01 1.972340336695223573e-01 3.028911079953576779e-01 2.953965318879225865e-01 2.947325473070934176e-01 2.722669428928871094e-01 3.117479576760295856e-01 4.920911075772768650e-01 2.797507474963997764e-01 3.707411634741021866e-01 2.225528801232659060e-01 2.582746136361206979e-01 2.184262267148869563e-01 2.605740227072779192e-01 3.140112391922875723e-01 2.064826821651083166e-01 3.278060204885520079e-01 2.992043010647434387e-01 2.414774883136851791e-01 2.298572103626655982e-01 3.008246235112782552e-01 2.261196475695613495e-01 2.600688785717940044e-01 2.405464402471924612e-01 1.998559890772951542e-01 2.491203825572959885e-01 1.299996656251589111e-01 3.063176140286514304e-01 3.307886755359417119e-01 2.459777669885103157e-01 2.533345413750986985e-01 3.066976387622464828e-01 3.199677734724308831e-01 3.697260940351138614e-01 3.691256591563032985e-01 2.067963875011936958e-01 2.548599232265041370e-01 2.557998314204955048e-01 2.645105556127102520e-01 2.448942607757343126e-01 2.170066138467951766e-01 2.032614388087098101e-01 2.150852231058954789e-01 2.299344514429122466e-01 2.463986439948872287e-01 2.975201074606010909e-01 3.114740024505102123e-01 3.511800831900688258e-01 2.123779465153861346e-01 3.277820345242732913e-01 2.855690713540353087e-01 1.364243512902541533e-01 2.970785866972991407e-01 3.284765152466174731e-01 2.719082590468388516e-01 3.995757551316886924e-01 3.479984606689061621e-01 3.099534733437787626e-01
4.410474783631208040e-01 1.947637121112256176e-01 2.576555627723881026e-01 3.202766509036573117e-01 3.646394636694283431e-01 2.274242212890124626e-01 4.819830213417197751e-01 6.382560179784667609e-01 3.478343633076000918e-01 1.000000000000000000e+00 5.213965170886354361e-01 4.899256046693862832e-01 5.455166415176817551e-01 3.303052694964099811e-01 3.816492773227113666e-01 2.741790884297413688e-01 2.255516519753152371e-01 3.155881785379651694e-01 2.714648022098685720e-01 3.435532792219517240e-01 3.183202061527841686e-01 5.417157982132475569e-01 2.976744495545159408e-01 3.005585384597216914e-01 2.948560403661763529e-01 3.769512293339908338e-01 4.744249756175860089e-01 2.735335328551478096e-01 3.799893309423798549e-01 2.434446406565488608e-01 2.077757423059519160e-01 3.254738824368229033e-01 4.834433424289605874e-01 3.952938119459485922e-01 4.028421600611947762e-01 5.769212781553841873e-01 3.849291575680274247e-01 4.918892506748068216e-01 4.849710718537882936e-01 4.710504790411982334e-01 3.475581647436911115e-01 3.302654408521960017e-01 4.696367489395017469e-01 5.417121621938113529e-01 4.392348212028899246e-01 3.315038535009471321e-01 4.521744626858905103e-01 3.614922518135540441e-01 6.381303239755719003e-01 3.782038190466133210e-01 5.143319180943184410e-01 3.729042926346273212e-01 2.471831151287717521e-01 4.780072779811516126e-01 4.750686013693315446e-01 4.842956763320598323e-01 4.406743635040168972e-01 2.580988042338503430e-01 3.126551572893573883e-01 4.176080543618454488e-01 4.426408952377617334e-01 4.437803324825737583e-01 5.652814801438583725e-01 3.490965665750990765e-01 3.913513783388916645e-01 4.001473263018102133e-01 1.631969423698554911e-01 5.891333565214642576e-01 3.554100530448046635e-01 4.055773876230137076e-01 4.094533307341496342e-01 2.366581769816658576e-01 5.167202626964685352e-01 4.342276379950323895e-01 4.993159055789702649e-01 4.595768964417453750e-01 3.140845615722964168e-01 5.350788675464382971e-01 4.108589570381371292e-01 5.188638843371322640e-01 4.060186636512863601e-01 3.027839376165608609e-01 2.196808171855290648e-01 3.933381764854184670e-01 3.079332002328142859e-01 5.035981850208181010e-01 4.008300237230099095e-01 5.194198459675604118e-01 2.871255793095714437e-01 4.107099237357707544e-01 3.709008609523088973e-01 3.479901529037737751e-01 5.801657245580961186e-01 3.990694013528631734e-01 2.369206286507377635e-01 3.875317849265085268e-01 3.620470924576704164e-01 3.763425430267106075e-01
5.776281010963942864e-01 2.002565766256559354e-01 1.830984970982976745e-01 2.851130938446666541e-01 3.918884524090917587e-01 2.897771010832606575e-01 3.666841121397769188e-01 6.489389601805711782e-01 2.681391271861963133e-01 5.213965170886354361e-01 1.000000000000000000e+00 5.287232780363191331e-01 7.675058924076937350e-01 1.802490807942891127e-01 5.197199768898719263e-01 2.750773650384605307e-01 2.207773445645684895e-01 4.007281673624082940e-01 3.418942532398036027e-01 5.690409589888660857e-01 1.847693081996028830e-01 4.389914514566767290e-01 3.217099920601546037e-01 3.394182415166351885e-01 3.615558393441544172e-01 3.584144196585370423e-01 3.967511749217323413e-01 3.982809896634811331e-01 4.561698268921386967e-01 2.886570433968152494e-01 2.936127272299280944e-01 3.719274052417517185e-01 5.307151322362058110e-01 4.276267041008416925e-01 4.833770053219100804e-01 6.670838813392443445e-01 3.478153156904562615e-01 4.544313322288197621e-01 5.468043245940532593e-01 6.121205600924943813e-01 3.789028869041611847e-01 3.921567726124755571e-01 3.746602096538687587e-01 4.669688920268382781e-01 7.196726660072800819e-01 3.002636315911741405e-01 4.503634388233970220e-01 3.322895368853353015e-01 4.738825762163746402e-01 3.427790570493984834e-01 4.205150446648445728e-01 4.216991686362383529e-01 1.967651803905221541e-01 3.466360736919678054e-01 5.221332836525460763e-01 5.545892087332265907e-01 3.777746512374905996e-01 3.378603214382492337e-01 3.778104071973780731e-01 3.588113727899472361e-01 3.599814910285538683e-01 6.572884569117891651e-01 6.339600527439188671e-01 4.867213191334017197e-01 4.967804623895492599e-01 4.270597345681511059e-01 2.777242537575270176e-01 5.685395779769762958e-01 4.604232253032820021e-01 5.526029599900740275e-01 4.076046353650657483e-01 3.045704869447789509e-01 4.169735503372997143e-01 5.216180303788852113e-01 5.417101466305032087e-01 5.126670934727669549e-01 2.671309609605342916e-01 5.185882839726898563e-01 4.710674606239668716e-01 3.545979458980884624e-01 4.026235059522283444e-01 4.701228203513615478e-01 2.022515315809598757e-01 3.663399305876391954e-01 3.041417824480812104e-01 4.365131876819898227e-01 3.368731859295581166e-01 5.027885358353415546e-01 3.961261305256488230e-01 3.572941215451203578e-01 4.687642779082903943e-01 4.913324351797878631e-01 5.400509229054043514e-01 4.723733892231078979e-01 4.810282724542402910e-01 2.439105121217603478e-01 4.449448846497061072e-01 4.227198149741669408e-01
5.882957361790633888e-01 3.133928037129496968e-01 1.565199413693569575e-01 3.790095966658005855e-01 4.261200650101056864e-01 2.165879217378277599e-01 4.502413821388661641e-01 4.789600911991047649e-01 3.155346926382271433e-01 4.899256046693862832e-01 5.287232780363191331e-01 1.000000000000000000e+00 5.430945230891848219e-01 2.698022544732748829e-01 6.246849245801777695e-01 3.945810068741189003e-01 2.842325669868266402e-01 3.436472844388318015e-01 2.287934364230195528e-01 4.162837044493908900e-01 4.289737114343501467e-01 6.349295476012671857e-01 2.196175170292672396e-01 4.748058327935035794e-01 3.170151392299126458e-01 3.786617285190454485e-01 5.767094332550708469e-01 4.096643095969459969e-01 4.833353005944487357e-01 2.005619852942867598e-01 3.057921354573103767e-01 4.385896233951333545e-01 5.796466601541397923e-01 4.695430020276035732e-01 4.164931200822787338e-01 4.649222193893877697e-01 4.858604073945882451e-01 6.171129478184095296e-01 4.199937818104670373e-01 3.751015566290459291e-01 2.967512549431338131e-01 4.571996198629570962e-01 5.403652982511402136e-01 6.135478031936930643e-01 4.869243334808096568e-01 4.489175483208016626e-01 5.489607267263943990e-01 3.843884392581777831e-01 4.976639884748836340e-01 4.602341982671473430e-01 5.344199544280280323e-01 4.187761889442289664e-01 3.617751563272890714e-01 3.999021614422422766e-01 6.053256713492027874e-01 4.346924978094034442e-01 5.518499569384510695e-01 2.855338672046265902e-01 3.989612313588994930e-01 5.141918059951068321e-01 5.224496661033150025e-01 5.450945377155583804e-01 5.285941100582859375e-01 3.433428218609470561e-01 4.613783033038804104e-01 4.826540736828762723e-01 3.352037956215099257e-01 5.795153354165447634e-01 6.132441872062788235e-01 5.089663936375957709e-01 4.202143010188676420e-01 2.223581011203179247e-01 5.850232361309157803e-01 3.939181992274759514e-01 6.425103268127980716e-01 5.352174328101381162e-01 4.054585215647591445e-01 5.343727572616250310e-01 4.603228666414284631e-01 4.206973253008337021e-01 5.068960776297679605e-01 3.457424006229262159e-01 2.134386680283680282e-01 1.792866449159863096e-01 5.128031798811212294e-01 5.170642696549239137e-01 4.210472929809473963e-01 6.932081227292736791e-01 2.577992400564568798e-01 5.400820657754812348e-01 4.109818006897442699e-01 4.985397324490694060e-01 4.841863589438632487e-01 6.419844848949238791e-01 3.182212553072017447e-01 4.075136624850448919e-01 3.753748885993083428e-01 4.064633042988933243e-01
5.939605870302133717e-01 2.161771143932895434e-01 1.770176054055969672e-01 2.755182951902039878e-01 4.072394385130979622e-01 2.166359357038062095e-01 3.733511467716889576e-01 6.394431586007734980e-01 2.683365734200467978e-01 5.455166415176817551e-01 7.675058924076937350e-01 5.430945230891848219e-01 1.000000000000000000e+00 1.807936592702480694e-01 5.696947712489239812e-01 2.351108279998228301e-01 1.722390866792644082e-01 3.994481685299354212e-01 3.005438122502120391e-01 4.226693924052349338e-01 1.867745149612777267e-01 4.284303644491353480e-01 2.892365108188387213e-01 2.909863456683582372e-01 3.515073960809842468e-01 3.255327438521219974e-01 4.409498649518805991e-01 3.882298657803971986e-01 4.396632427145389377e-01 1.973462322603067309e-01 2.665542388736113488e-01 3.790503720651865471e-01 5.540735607766713589e-01 4.488456715775122619e-01 4.793539490355744892e-01 5.624182773014620995e-01 3.473082258231298125e-01 4.674664636652458016e-01 5.306902534987000264e-01 5.154955719189127095e-01 3.479798990377138135e-01 3.838165999692375596e-01 4.004702051249187100e-01 5.020566605314649156e-01 6.924293027315789884e-01 3.060580164273262738e-01 4.899689045559471601e-01 3.548801476030847835e-01 4.794151543747675048e-01 3.711606393630346723e-01 4.332128159872102313e-01 4.368673971232963082e-01 2.031401976238982610e-01 2.963084299520125642e-01 5.417742002090760733e-01 5.783508372180045098e-01 3.864020995771139666e-01 3.076792947450319171e-01 3.907914988400627565e-01 3.882581037801816071e-01 3.457652024281809844e-01 7.363684026631189816e-01 6.357345114936114872e-01 4.521503610712085397e-01 5.043640866567459247e-01 4.364597969775227959e-01 2.330891109210358192e-01 5.839511409171934675e-01 4.912656989934524043e-01 5.327554947863909485e-01 4.206070958321534436e-01 2.139759322651105522e-01 3.903261492936630495e-01 4.909707861989833777e-01 5.822417393843789535e-01 5.336575194219578266e-01 2.642712541068545917e-01 5.079546444107168046e-01 4.384758709119740971e-01 3.647938213659048801e-01 4.342943371919740780e-01 3.327379213245640899e-01 1.841826398540459542e-01 3.126047823471099774e-01 2.784134170325439639e-01 4.177957687560029387e-01 2.905781783259785422e-01 4.668052145253473451e-01 2.976551779042204138e-01 2.986035435029233964e-01 4.428142722887231653e-01 5.937831464396460257e-01 4.664869482251993715e-01 5.242148563292081676e-01 3.720916578299451327e-01 2.293320557282085004e-01 3.664641439067973794e-01 3.963472023092219909e-01
1.604550238586077981e-01 3.015757171881632281e-01 5.519911614349123363e-01 2.881346768478964537e-01 2.344171027969094712e-01 3.202346869054117917e-01 1.867178590066734256e-01 2.495161468805217331e-01 3.581216222711272046e-01 3.303052694964099811e-01 1.802490807942891127e-01 2.698022544732748829e-01 1.807936592702480694e-01 1.000000000000000000e+00 2.455110902273991147e-01 3.258902297473384446e-01 1.869936887226564814e-01 4.082132985695231531e-01 3.046153414934892889e-01 7.906538754222379450e-02 3.135413089383481400e-01 3.641897104555306686e-01 4.174339688465094067e-01 1.203700278879823310e-01 2.550209084852199104e-01 1.412187357221672546e-01 3.178951494342352468e-01 3.312235040546365195e-01 3.844202324474704224e-01 3.287474044314336874e-01 3.601548392054913506e-01 3.206065765793630340e-01 2.136551588108060729e-01 4.254089321029258519e-01 2.207114897281968191e-01 1.863476040899020303e-01 3.702931366581191375e-01 3.566861146977339803e-01 3.411989763808764287e-01 1.681473393992207188e-01 2.778428456797562007e-01 3.615766434943465946e-01 2.608160043672942408e-01 2.880246142951782828e-01 1.884315740726254240e-01 2.570171239838998090e-01 3.146965452561499843e-01 2.809270566185157469e-01 2.229662907883891987e-01 3.575643377784494259e-01 3.080606039711113464e-01 3.911285321864548803e-01 2.841642231525191020e-01 1.876662196678711425e-01 3.289563982895999938e-01 2.304168462197691281e-01 3.051156329268256417e-01 4.199051071159368709e-01 4.062835403026611725e-01 3.715418969842979591e-01 3.852809870674445136e-01 1.665372021425413906e-01 1.476505268840469509e-01 3.356821004870368941e-01 3.147735387006772023e-01 2.871463204418070458e-01 4.898317081618418223e-02 2.104345481922547390e-01 1.901586386358598002e-01 2.719450836357485968e-01 4.685175489478043409e-01 3.312657698386348160e-01 2.741907447634542860e-01 1.974686286341664487e-01 3.182593628270022901e-01 3.258627758449347822e-01 3.590057613846703854e-01 2.990708275001918159e-01 2.301122271881382575e-01 2.225941094028380807e-01 3.791474054016466533e-01 9.890182569484733122e-02 2.451786815027622857e-01 1.925469956112664249e-01 2.266719167673930113e-01 3.869703937337991562e-01 2.244651957924892194e-01 3.685982481591530413e-01 8.981487086776220041e-02 2.730531334544998301e-01 3.431632898938305476e-01 2.010260648398833061e-01 1.830991536086871707e-01 2.459900205099523618e-01 1.424611686505482533e-01 2.980671076793394159e-01 3.120031560357378053e-01 4.633857474355623784e-01
6.443517906486116997e-01 3.164348128974973084e-01 1.571618804504969491e-01 3.891693644085778003e-01 5.399497882107939795e-01 1.824397982530675255e-01 3.346582322787207131e-01 4.452701393158379761e-01 1.626968543491166264e-01 3.816492773227113666e-01 5.197199768898719263e-01 6.246849245801777695e-01 5.696947712489239812e-01 2.455110902273991147e-01 1.000000000000000000e+00 3.866929464871286526e-01 1.771785897570880841e-01 4.100434218418246846e-01 2.223393336501249262e-01 3.949635518404652212e-01 3.713469336972176627e-01 4.731212234423166074e-01 2.398299547417438726e-01 3.651663066633656918e-01 3.182139599574578259e-01 2.819536091336195538e-01 7.341882921216706936e-01 5.485823945705177174e-01 5.003116727947766185e-01 1.412011287998867770e-01 3.050623452464505947e-01 4.409879622860055082e-01 5.621527236125229976e-01 5.964366819787700891e-01 3.971804366818723619e-01 3.341382551860737626e-01 4.636989883440482685e-01 6.500795530579890347e-01 4.546441202153793659e-01 3.723631180982864830e-01 2.531507781964404957e-01 5.682574914346389949e-01 4.522660746627708561e-01 5.902709360621555268e-01 5.107569330718630951e-01 3.865993305389212598e-01 5.891776938872004266e-01 3.161499247264453749e-01 4.808875104959484115e-01 3.900203332775423193e-01 6.498214938329154311e-01 4.525082807409744334e-01 3.312679819841467532e-01 3.010492282984815748e-01 6.207328374672074212e-01 4.442369480755658517e-01 4.823066996880822632e-01 3.039204063357625607e-01 4.854465333339049726e-01 6.152396218599605060e-01 4.787829072627788340e-01 6.244434122675464049e-01 4.396071958723790640e-01 3.833017702570559737e-01 5.326340249023293616e-01 6.010189123905085307e-01 3.295301258873654104e-01 4.748270314311530127e-01 5.527445992081435611e-01 5.137510411239593067e-01 4.999593040352083850e-01 1.978255281455104375e-01 4.896634840763731678e-01 3.355145653092809765e-01 5.843346277759366991e-01 6.127046273390243103e-01 4.674365483898664242e-01 5.284641673344768753e-01 5.075541689198188600e-01 3.385941687670590561e-01 5.971905275895363907e-01 2.901908217120763855e-01 1.971337790584180016e-01 9.920425580274311317e-02 4.255139297017837552e-01 5.156693372258153163e-01 3.139150111401751153e-01 5.179632529508243488e-01 1.989802866925011182e-01 3.722446444841193136e-01 4.352964594058801318e-01 7.316363199339447343e-01 3.700027769918201592e-01 6.738769646057681806e-01 2.880956445729558890e-01 2.754339576759879393e-01 3.104059381559872710e-01 4.669973781696957205e-01
1.995401998525039855e-01 6.653613228780353994e-01 1.951204138973365587e-01 5.587997344043076353e-01 4.056952851888138145e-01 1.362378950368335062e-01 2.311022491603142714e-01 3.142932144292102659e-01 2.146542607803319791e-01 2.741790884297413688e-01 2.750773650384605307e-01 3.945810068741189003e-01 2.351108279998228301e-01 3.258902297473384446e-01 3.866929464871286526e-01 1.000000000000000000e+00 3.151460154966170824e-01 1.524042724937511029e-01 1.876614523415645955e-02 3.642973514635636234e-01 5.433885043648029045e-01 3.444027765257373641e-01 9.700082696526537984e-02 4.332284711833856994e-01 1.431374247375533371e-01 2.712008825204361706e-01 3.816823414386057989e-01 5.360132360580391886e-01 3.548355879208750507e-01 3.080276064077916431e-01 5.817570725511590490e-01 3.670610288552816902e-01 2.552398430448249989e-01 4.639183482373338552e-01 2.219228599317456807e-01 2.660666893738242167e-01 6.467807862303845967e-01 3.681019769527588692e-01 1.907545462919963963e-01 2.524676258323674816e-01 2.299187376946692785e-01 5.222261014276312618e-01 3.575792375096469300e-01 2.884031168516296706e-01 2.063509536770073982e-01 3.378039090278956991e-01 3.490986957364675125e-01 2.358137605322588870e-01 1.779824806231141143e-01 5.151698729453472181e-01 4.057636490742324575e-01 2.973355682410839251e-01 5.446211644570270183e-01 3.455767484458577843e-01 4.770616472504899397e-01 2.367954800688755468e-01 4.765111524430931667e-01 3.625194761695555434e-01 3.326038796223109717e-01 3.569905416176680779e-01 5.351625708560230343e-01 2.047955577418681117e-01 2.393922220934950884e-01 1.403912632501596869e-01 2.823648109286123753e-01 4.190637554894914296e-01 2.478414816028960688e-01 2.901533806368398194e-01 2.570064213762102145e-01 2.820231901192209456e-01 3.672612656777879403e-01 2.955045688515946511e-01 4.226720177159206115e-01 1.923888097099170358e-01 3.995545789985021634e-01 5.520751562179936345e-01 4.322366213740502228e-01 3.160497593430611207e-01 1.753761676609737197e-01 2.806292626086481778e-01 3.954819299368603769e-01 2.962606817544972682e-01 6.246438468344607253e-01 1.663883834449008114e-01 5.588979888648056837e-01 3.316685095590763410e-01 3.092779748552427210e-01 4.714593460425347549e-01 2.201450119926413596e-01 5.091292731249563719e-01 1.832798628063436186e-01 3.291432278395524103e-01 2.641224275000516597e-01 3.328627427297777830e-01 2.234689968918632252e-01 4.134490086910244111e-01 2.112774897975294719e-01 3.263799095669473460e-01
