1.000000000000000000e+00 3.764953036447188373e-01 3.631205933398631847e-01 5.023693152311102805e-01 4.175847634068903802e-01 3.837418428179366625e-01 5.551786570558137068e-01 3.587040586956373178e-01 5.031878111064120862e-01 5.751683174839662405e-01 3.887605034345880117e-01 6.029140946441646776e-01 4.275246171990549904e-01 2.839065574740015641e-01 4.425253994396017299e-01 6.633479804162429883e-01 4.220716804044835069e-01 5.775367538115836474e-01 3.565805975405807460e-01 3.776650257033121738e-01 4.086129860191850538e-01 6.576484564088811435e-01 4.061102116181315447e-01 5.257277606447577911e-01 6.195796146579675145e-01 5.026069299886003483e-01 4.573893452693834627e-01 5.075889147925927158e-01 6.866578615326937030e-01 6.470839655596835049e-01 4.257667619758184196e-01 2.555265031263936337e-01 4.223280645114620979e-01 4.110703222493809483e-01 3.638618650865199644e-01 3.217725466185045735e-01 3.964528516847347084e-01 3.768818038952782001e-01 2.772724332992588248e-01 5.531176083463181792e-01
3.764953036447188373e-01 1.000000000000000000e+00 1.698147763657563425e-01 2.315006116434628058e-01 1.780299936611814404e-01 4.738460129974534363e-01 3.330092576885222422e-01 3.278997980282238878e-01 4.764947099813624520e-01 4.310084018832009978e-01 2.480814856813629288e-01 5.589582759117592836e-01 2.883765631405318941e-01 2.957162333747362370e-01 2.767298029518395208e-01 6.235760025449270660e-01 2.897891572975352936e-01 3.641532705964861671e-01 3.076657152053091093e-01 2.745064736058212551e-01 3.438822915942743030e-01 3.149411446618243793e-01 3.161357487900138263e-01 2.829184659426255966e-01 4.320961061291576644e-01 3.453540136574194674e-01 5.755497934888821332e-01 1.738110302715188682e-01 4.303278854074815696e-01 5.070060333666593921e-01 2.804089738455732284e-01 1.823644290649440725e-01 1.691990610077171997e-01 3.643914352833464432e-01 3.533494902695420437e-01 3.328265408830577421e-01 3.606344568216307001e-01 2.700812895218382415e-01 3.096894497210042063e-01 4.802804787364627348e-01
3.631205933398631847e-01 1.698147763657563425e-01 1.000000000000000000e+00 4.961948557302101048e-01 6.882426643101428043e-01 4.768860450843963594e-01 4.260942393860290278e-01 4.140641211652500431e-01 2.784191715192519401e-01 4.680068784352525157e-01 2.992999623928046526e-01 4.660107308507868695e-01 4.636584511596402725e-01 3.475796464282377984e-01 4.981959242541303956e-01 2.901159588786363375e-01 5.190542172020569112e-01 5.120639530982431520e-01 2.673469046094757440e-01 6.844767197965326844e-01 4.723072419572389435e-01 4.716671385197631627e-01 6.975547156726209508e-01 3.999948683093401125e-01 4.570307840150386047e-01 6.793327166620802826e-01 2.614158415697106497e-01 4.989068667710101490e-01 4.537029754319907293e-01 3.077094020450720779e-01 3.942281707693111037e-01 7.096531246855377617e-01 6.292416305998211890e-01 7.205312257395436459e-01 2.191102430383840560e-01 2.412778439671792174e-01 4.391686036590466968e-01 5.863258767951754491e-01 3.180736498885639585e-01 5.504178518459134084e-01
5.023693152311102805e-01 2.315006116434628058e-01 4.961948557302101048e-01 1.000000000000000000e+00 4.818993001542246080e-01 3.729563321887432448e-01 6.435382387075919697e-01 4.025239729279617706e-01 3.976831992342644839e-01 4.264774349525062291e-01 4.663373492934018705e-01 5.441460118478068653e-01 6.347581072425154680e-01 2.543060102145121570e-01 7.432159329790017921e-01 3.762664901294704989e-01 5.256829450932426484e-01 5.649554303769643848e-01 4.085331587947289012e-01 3.386893195027671499e-01 6.142628950859824188e-01 6.250917633231600767e-01 5.247990284053241083e-01 6.531128240801109541e-01 6.050851754381703085e-01 5.304540135107785881e-01 3.351536111210114410e-01 7.341364906246031774e-01 5.148453957033232165e-01 3.765453033919889947e-01 6.163931198663946676e-01 5.189134879456684946e-01 5.700365912569617111e-01 4.392912399520199629e-01 3.659757215124734286e-01 4.427645698699300691e-01 4.767939512611686359e-01 5.359087813613624407e-01 3.087059511516450083e-01 4.353418100062705909e-01
4.175847634068903802e-01 1.780299936611814404e-01 6.882426643101428043e-01 4.818993001542246080e-01 1.000000000000000000e+00 4.685026335001935549e-01 5.078167390894943178e-01 5.085379399376508402e-01 3.019574165160016643e-01 4.099196967084279275e-01 3.214273765430435970e-01 3.672042577722686718e-01 4.193705063465030247e-01 5.123754483260630765e-01 5.316674037683756238e-01 2.879812223128071502e-01 4.788269259764608154e-01 4.524610374974063487e-01 3.190419090475469788e-01 7.636122789190106230e-01 4.582249630344865099e-01 4.056808360988963247e-01 5.521039637056410765e-01 4.427437116674480810e-01 4.552825022739803162e-01 5.475479645256779992e-01 2.456185284959822024e-01 5.590992237740564086e-01 5.411903317845090378e-01 3.353985421782158527e-01 4.159325855709351538e-01 6.008538138422468977e-01 7.166992396111514507e-01 5.765945052694974038e-01 2.600841767662858683e-01 3.431599616860120938e-01 4.516081349234759568e-01 4.969941844953593146e-01 3.746685094389487491e-01 4.934115303039867673e-01
3.837418428179366625e-01 4.738460129974534363e-01 4.768860450843963594e-01 3.729563321887432448e-01 4.685026335001935549e-01 1.000000000000000000e+00 3.956451340000755046e-01 5.620575455633703976e-01 3.522151594819191711e-01 4.594751468195788502e-01 2.722375280871037750e-01 5.299754872270610040e-01 3.721499986536617177e-01 5.658678684398851244e-01 4.266053822062661482e-01 4.382982151494212997e-01 4.057478423009374113e-01 4.133137485498712405e-01 2.678356008204640371e-01 5.616395586549287611e-01 4.411559718715908351e-01 3.759103234281515604e-01 5.358574681006929019e-01 3.121291098355241656e-01 4.178792866068818945e-01 4.942401311295387401e-01 4.641654038586083275e-01 3.809735303080555857e-01 4.891117504784104342e-01 3.936823611782006016e-01 3.556075871648776698e-01 4.054277706287675032e-01 4.664071238897674609e-01 5.233819131821375592e-01 2.693278594165963158e-01 2.980780971173800364e-01 4.376395646276876050e-01 3.827482171031975633e-01 5.071311263047593165e-01 5.414466711874837967e-01
5.551786570558137068e-01 3.330092576885222422e-01 4.260942393860290278e-01 6.435382387075919697e-01 5.078167390894943178e-01 3.956451340000755046e-01 1.000000000000000000e+00 4.093849292080857238e-01 6.279614254602332579e-01 5.071221014491250623e-01 4.632121247076898540e-01 4.767144699898980265e-01 6.259476962616313811e-01 3.681763783184057726e-01 5.510239159687397859e-01 4.871066976177818586e-01 5.947019266728252873e-01 6.113980819424331692e-01 5.169512248584431369e-01 4.068923827105753177e-01 5.561181678775020121e-01 5.422237447796194321e-01 5.090194437449786502e-01 7.617569142126505710e-01 7.244527746996114459e-01 5.365004628021349253e-01 4.717250197283310298e-01 7.020188103203938157e-01 6.786684853822688712e-01 5.949806884754095249e-01 5.053157710797093749e-01 3.678545597641826870e-01 5.550800608902494160e-01 4.150690670614751165e-01 4.966665398462428160e-01 4.571557266623839655e-01 5.704569240121711848e-01 5.182757215541707874e-01 3.884756561285874210e-01 4.192137068964099655e-01
3.587040586956373178e-01 3.278997980282238878e-01 4.140641211652500431e-01 4.025239729279617706e-01 5.085379399376508402e-01 5.620575455633703976e-01 4.093849292080857238e-01 1.000000000000000000e+00 3.031655656993877956e-01 3.535097183571451196e-01 3.699362503250157586e-01 3.769909811338568728e-01 3.770649610268108076e-01 5.733603573476855342e-01 5.194077177449009097e-01 3.115643208239575190e-01 3.755497839039951824e-01 3.593718995272597305e-01 3.061938053435996898e-01 4.469472594877013649e-01 4.355931838346295271e-01 3.406336631370038281e-01 5.002086286409594962e-01 3.719057029877499421e-01 4.214823013216540959e-01 4.121315151035679358e-01 3.303573759822233114e-01 4.608324435518997841e-01 4.651270339720828262e-01 2.945892719222145684e-01 4.303438693271122717e-01 3.804027108277938662e-01 5.140412198088974982e-01 4.219568438804731092e-01 2.874749494101180303e-01 4.839391912384389816e-01 4.040715093830229421e-01 4.029658427149505617e-01 4.979925348060250112e-01 4.074489153741789882e-01
5.031878111064120862e-01 4.764947099813624520e-01 2.784191715192519401e-01 3.976831992342644839e-01 3.019574165160016643e-01 3.522151594819191711e-01 6.279614254602332579e-01 3.031655656993877956e-01 1.000000000000000000e+00 5.817356854182493819e-01 5.591686010788606831e-01 5.301461394752212675e-01 4.720107995379977939e-01 3.235157118854409264e-01 4.154835889288704398e-01 6.645342660978252880e-01 5.079436410572797378e-01 5.166694084753075122e-01 6.328307205939263103e-01 2.653724862204467350e-01 4.612614943664583023e-01 4.525730677446411221e-01 4.457741075070284498e-01 6.236392442395166658e-01 6.692459625656751454e-01 5.075907361199945012e-01 6.631831394551750414e-01 3.996864380694342134e-01 5.431426757085496826e-01 7.673246619335685192e-01 4.834802070629073967e-01 2.485416972667562618e-01 3.546264537312764920e-01 3.470489918976240040e-01 7.423098202649494048e-01 4.750432580914869529e-01 5.686536418737362375e-01 4.633489652693765226e-01 3.802782018505193595e-01 4.052720595907761680e-01
5.751683174839662405e-01 4.310084018832009978e-01 4.680068784352525157e-01 4.264774349525062291e-01 4.099196967084279275e-01 4.594751468195788502e-01 5.071221014491250623e-01 3.535097183571451196e-01 5.817356854182493819e-01 1.000000000000000000e+00 3.809561001297436245e-01 7.366805722702192138e-01 4.857075587278243400e-01 2.985138317861620871e-01 4.707718912622562701e-01 6.058468841560135099e-01 6.290632350472405987e-01 6.785727326706644247e-01 3.805968019373873745e-01 4.729393771503648258e-01 5.880035650746747722e-01 6.702379984915721733e-01 5.778974620857081357e-01 4.993849307540088045e-01 5.605968138226928854e-01 6.831448184032093973e-01 5.108838002917016619e-01 4.712159491570786507e-01 5.877086379972422669e-01 5.680902972401264961e-01 3.851082415883733123e-01 3.861985168609604613e-01 4.590128332987832294e-01 5.908535230333120669e-01 4.199658085593112600e-01 3.427376774686922700e-01 5.936231431763693278e-01 5.505641375284966443e-01 3.347290756079705498e-01 6.808801536762593143e-01
3.887605034345880117e-01 2.480814856813629288e-01 2.992999623928046526e-01 4.663373492934018705e-01 3.214273765430435970e-01 2.722375280871037750e-01 4.632121247076898540e-01 3.699362503250157586e-01 5.591686010788606831e-01 3.809561001297436245e-01 1.000000000000000000e+00 3.949276469131423606e-01 4.268717005961017996e-01 2.764636632992062970e-01 4.991907153527494478e-01 4.004078573899192972e-01 4.563694997147667576e-01 4.273102437887720817e-01 5.479106229902941383e-01 2.247264744416045679e-01 4.609959526957326248e-01 3.865094297451663330e-01 3.915006214308538457e-01 5.484853554796476072e-01 5.219539069648075902e-01 4.224561021940482219e-01 5.150296401766337739e-01 4.174534806141218524e-01 3.666193819582715951e-01 4.649090619047853146e-01 6.043108059669076715e-01 3.441891678045435055e-01 4.185857428127960911e-01 2.905554395568151760e-01 5.785486693052757090e-01 4.705309646324139505e-01 4.393906846299941993e-01 4.507240080871665056e-01 3.880671678910622702e-01 3.515449152538623889e-01
6.029140946441646776e-01 5.589582759117592836e-01 4.660107308507868695e-01 5.441460118478068653e-01 3.672042577722686718e-01 5.299754872270610040e-01 4.767144699898980265e-01 3.769909811338568728e-01 5.301461394752212675e-01 7.366805722702192138e-01 3.949276469131423606e-01 1.000000000000000000e+00 5.571742233392221744e-01 2.969140937332395147e-01 5.434596186912155069e-01 6.664395960103068894e-01 5.411742549446891815e-01 6.491405201526171398e-01 3.247880258340197779e-01 4.438790861420744971e-01 5.449387423922271712e-01 7.176457972120741102e-01 5.740881203370866714e-01 4.564215959448485460e-01 6.281485036317789872e-01 6.280506397071043967e-01 5.952289182756497210e-01 4.729571243447175388e-01 5.490317537158339034e-01 5.769040323635029610e-01 4.166516280362764224e-01 3.875768049969540163e-01 4.008132415770579993e-01 5.864900259490923862e-01 3.903725117781891019e-01 3.160125838527677034e-01 5.227901299660792089e-01 4.882758812638261503e-01 3.407898398297612430e-01 6.698130704418163717e-01
4.275246171990549904e-01 2.883765631405318941e-01 4.636584511596402725e-01 6.347581072425154680e-01 4.193705063465030247e-01 3.721499986536617177e-01 6.259476962616313811e-01 3.770649610268108076e-01 4.720107995379977939e-01 4.857075587278243400e-01 4.268717005961017996e-01 5.571742233392221744e-01 1.000000000000000000e+00 2.515135464575432578e-01 5.350833935163978872e-01 4.081315849782731209e-01 6.581358884289898459e-01 6.811356577289623404e-01 3.575825335690954176e-01 3.487888620034720333e-01 4.899842997039954295e-01 5.886423210082818436e-01 5.255806584137732163e-01 5.579691331569727186e-01 6.439054705093486541e-01 5.483178086642482851e-01 4.185535289107336077e-01 6.280796268424800877e-01 5.623030156188280060e-01 4.438742764362821336e-01 4.651450319267418920e-01 4.613585631673904897e-01 4.571787666996040556e-01 4.581539447821436628e-01 3.734944499101284787e-01 3.307663714934936383e-01 5.519512979829402921e-01 5.161881814453694872e-01 3.600042086224158333e-01 4.442844250052963573e-01
2.839065574740015641e-01 2.957162333747362370e-01 3.475796464282377984e-01 2.543060102145121570e-01 5.123754483260630765e-01 5.658678684398851244e-01 3.681763783184057726e-01 5.733603573476855342e-01 3.235157118854409264e-01 2.985138317861620871e-01 2.764636632992062970e-01 2.969140937332395147e-01 2.515135464575432578e-01 1.000000000000000000e+00 3.482159908610577004e-01 3.088636175860599020e-01 2.765423923298189202e-01 2.503820547436383936e-01 2.686213021549177515e-01 4.986131146775975020e-01 3.018017107492839690e-01 2.393664952523285594e-01 4.156952773025181513e-01 2.759115545109109280e-01 3.550249406787602813e-01 3.091015500172951125e-01 3.773619569065184698e-01 3.332463900817514979e-01 3.903435460844964511e-01 3.312914118468442970e-01 3.139920390811297146e-01 2.607836965027353626e-01 4.416520146818376236e-01 3.534800959471099402e-01 2.571482699711663544e-01 3.603309667181819886e-01 3.814112804777424759e-01 2.380212198963342074e-01 4.581504003357214083e-01 2.996905397173844632e-01
4.425253994396017299e-01 2.767298029518395208e-01 4.981959242541303956e-01 7.432159329790017921e-01 5.316674037683756238e-01 4.266053822062661482e-01 5.510239159687397859e-01 5.194077177449009097e-01 4.154835889288704398e-01 4.707718912622562701e-01 4.991907153527494478e-01 5.434596186912155069e-01 5.350833935163978872e-01 3.482159908610577004e-01 1.000000000000000000e+00 3.571691377537542511e-01 4.981519768262615555e-01 4.692454926039713037e-01 4.572952316555586871e-01 3.849824071642318768e-01 6.931849813622642520e-01 5.095451615319533945e-01 5.517501236587544211e-01 6.232880963743017144e-01 5.342423066221099193e-01 5.074231590813963466e-01 2.934902706905758163e-01 6.639785122145360763e-01 4.862993909062094944e-01 3.168016938812056593e-01 7.046517362930744266e-01 5.416928183976297273e-01 6.629795632471345845e-01 4.157803628938772644e-01 3.846200013789930483e-01 6.153184318932928276e-01 5.024274129357453322e-01 5.436412428448869072e-01 3.731605063932104671e-01 4.392094561245346029e-01
6.633479804162429883e-01 6.235760025449270660e-01 2.901159588786363375e-01 3.762664901294704989e-01 2.879812223128071502e-01 4.382982151494212997e-01 4.871066976177818586e-01 3.115643208239575190e-01 6.645342660978252880e-01 6.058468841560135099e-01 4.004078573899192972e-01 6.664395960103068894e-01 4.081315849782731209e-01 3.088636175860599020e-01 3.571691377537542511e-01 1.000000000000000000e+00 3.995023861922408770e-01 5.283891933628995785e-01 4.434574468613639020e-01 3.489046579263296866e-01 3.967527727301831120e-01 5.168713871123972181e-01 3.988882668289577271e-01 4.809270313589049106e-01 6.386664408021850425e-01 4.870164482290515462e-01 6.841908582817717299e-01 3.418285378227535753e-01 5.357648389627398533e-01 7.679215982109743877e-01 4.403490034738926084e-01 2.209324888112947360e-01 2.935295840712465187e-01 4.171387589048192734e-01 4.680348183359995806e-01 3.119293099758151389e-01 4.516525377100696903e-01 3.679222146192697163e-01 3.394143515008509748e-01 5.536975017693253065e-01
4.220716804044835069e-01 2.897891572975352936e-01 5.190542172020569112e-01 5.256829450932426484e-01 4.788269259764608154e-01 4.057478423009374113e-01 5.947019266728252873e-01 3.755497839039951824e-01 5.079436410572797378e-01 6.290632350472405987e-01 4.563694997147667576e-01 5.411742549446891815e-01 6.581358884289898459e-01 2.765423923298189202e-01 4.981519768262615555e-01 3.995023861922408770e-01 1.000000000000000000e+00 7.908615905379485778e-01 4.934334050748662159e-01 4.288868915854325281e-01 5.912960711540855563e-01 5.847289763714811350e-01 6.590406808496486191e-01 6.031500655480435125e-01 6.030368093484642644e-01 7.953187122332697756e-01 3.968942146822040384e-01 6.494034643469274171e-01 5.103240626015680403e-01 5.075731196408028723e-01 4.328850654338243231e-01 4.969786760014846538e-01 5.531158767741158888e-01 5.475343331047330953e-01 4.463649763105571600e-01 3.163981723332148221e-01 6.589872460491666972e-01 7.793430542317021370e-01 3.467905813846647867e-01 5.855351035561325856e-01
5.775367538115836474e-01 3.641532705964861671e-01 5.120639530982431520e-01 5.649554303769643848e-01 4.524610374974063487e-01 4.133137485498712405e-01 6.113980819424331692e-01 3.593718995272597305e-01 5.166694084753075122e-01 6.785727326706644247e-01 4.273102437887720817e-01 6.491405201526171398e-01 6.811356577289623404e-01 2.503820547436383936e-01 4.692454926039713037e-01 5.283891933628995785e-01 7.908615905379485778e-01 1.000000000000000000e+00 4.357292487467154252e-01 4.281920993419756627e-01 5.209876081476826348e-01 7.624292350060706269e-01 6.171756928944521770e-01 5.953542416793771164e-01 6.492874118181941601e-01 7.752098103656159811e-01 4.452119917211413980e-01 6.727378540246147232e-01 6.015679871558152758e-01 5.750656531069409105e-01 4.013604041125456434e-01 4.568655740189783709e-01 4.995784097680642244e-01 6.106479043085498715e-01 4.183685480131175694e-01 2.930214855704871835e-01 6.132994111707441576e-01 6.853174829695106718e-01 2.796289978216343064e-01 6.797500055449734457e-01
3.565805975405807460e-01 3.076657152053091093e-01 2.673469046094757440e-01 4.085331587947289012e-01 3.190419090475469788e-01 2.678356008204640371e-01 5.169512248584431369e-01 3.061938053435996898e-01 6.328307205939263103e-01 3.805968019373873745e-01 5.479106229902941383e-01 3.247880258340197779e-01 3.575825335690954176e-01 2.686213021549177515e-01 4.572952316555586871e-01 4.434574468613639020e-01 4.934334050748662159e-01 4.357292487467154252e-01 1.000000000000000000e+00 2.592993802049752827e-01 5.310364210265638985e-01 3.198839052729812726e-01 3.577201811046575308e-01 6.710376642229887167e-01 5.093794361933485781e-01 4.473498835925311390e-01 4.312737854996370190e-01 4.632334202928988787e-01 3.828550441062159582e-01 5.427459761503381497e-01 6.351777320904169466e-01 3.210620354806841270e-01 4.231766516800452571e-01 2.857991197575940889e-01 5.566214359587344784e-01 4.339145482680931698e-01 4.873668003388340053e-01 5.462677954436510053e-01 3.491684781779635371e-01 3.766361439629123953e-01
3.776650257033121738e-01 2.745064736058212551e-01 6.844767197965326844e-01 3.386893195027671499e-01 7.636122789190106230e-01 5.616395586549287611e-01 4.068923827105753177e-01 4.469472594877013649e-01 2.653724862204467350e-01 4.729393771503648258e-01 2.247264744416045679e-01 4.438790861420744971e-01 3.487888620034720333e-01 4.986131146775975020e-01 3.849824071642318768e-01 3.489046579263296866e-01 4.288868915854325281e-01 4.281920993419756627e-01 2.592993802049752827e-01 1.000000000000000000e+00 4.168911208854063077e-01 3.620284309338440698e-01 5.465952553587258844e-01 3.286421152855054095e-01 4.321420074207875106e-01 5.439017667910607257e-01 3.181673693170435913e-01 3.940938265412872732e-01 5.017581363883786283e-01 3.594163541116283667e-01 3.259196795186125040e-01 5.255824482519728669e-01 6.049419234685923241e-01 6.773680680182652125e-01 1.391523013448551227e-01 1.826160551922581810e-01 4.226775494624920304e-01 4.256267232871486783e-01 4.096324256039217682e-01 5.815303070062483037e-01
4.086129860191850538e-01 3.438822915942743030e-01 4.723072419572389435e-01 6.142628950859824188e-01 4.582249630344865099e-01 4.411559718715908351e-01 5.561181678775020121e-01 4.355931838346295271e-01 4.612614943664583023e-01 5.880035650746747722e-01 4.609959526957326248e-01 5.449387423922271712e-01 4.899842997039954295e-01 3.018017107492839690e-01 6.931849813622642520e-01 3.967527727301831120e-01 5.912960711540855563e-01 5.209876081476826348e-01 5.310364210265638985e-01 4.168911208854063077e-01 1.000000000000000000e+00 4.754017996381835198e-01 5.672931116241900495e-01 6.251545120405740397e-01 5.356559750452689617e-01 5.820489523378826746e-01 3.857792029708666526e-01 6.050434917557258041e-01 4.728525217001962044e-01 4.058025936715977666e-01 6.351568748933223985e-01 5.869009756147691714e-01 6.069449697947212341e-01 4.626470671259304002e-01 3.854689298055760660e-01 4.315885223263539183e-01 5.876456113716598262e-01 6.630266878186148460e-01 3.908643688935858895e-01 5.284363951185377939e-01
6.576484564088811435e-01 3.149411446618243793e-01 4.716671385197631627e-01 6.250917633231600767e-01 4.056808360988963247e-01 3.759103234281515604e-01 5.422237447796194321e-01 3.406336631370038281e-01 4.525730677446411221e-01 6.702379984915721733e-01 3.865094297451663330e-01 7.176457972120741102e-01 5.886423210082818436e-01 2.393664952523285594e-01 5.095451615319533945e-01 5.168713871123972181e-01 5.847289763714811350e-01 7.624292350060706269e-01 3.198839052729812726e-01 3.620284309338440698e-01 4.754017996381835198e-01 1.000000000000000000e+00 5.318629777348885534e-01 4.966823014842857154e-01 6.096776627856185238e-01 6.289823084164001266e-01 4.233118643165807993e-01 6.113366682177919786e-01 5.706681162505424787e-01 4.990152108467793002e-01 3.707121078392779379e-01 3.679293789408175086e-01 4.445544342665307402e-01 5.365222882741226273e-01 3.697113204314300683e-01 3.135074985047188179e-01 4.847893103290468186e-01 5.009606402327515529e-01 2.184132113599734637e-01 5.691961943181493844e-01
4.061102116181315447e-01 3.161357487900138263e-01 6.975547156726209508e-01 5.247990284053241083e-01 5.521039637056410765e-01 5.358574681006929019e-01 5.090194437449786502e-01 5.002086286409594962e-01 4.457741075070284498e-01 5.778974620857081357e-01 3.915006214308538457e-01 5.740881203370866714e-01 5.255806584137732163e-01 4.156952773025181513e-01 5.517501236587544211e-01 3.988882668289577271e-01 6.590406808496486191e-01 6.171756928944521770e-01 3.577201811046575308e-01 5.465952553587258844e-01 5.672931116241900495e-01 5.318629777348885534e-01 1.000000000000000000e+00 4.803568060797207551e-01 5.424932537453261983e-01 7.573275636775214092e-01 3.944011231975547704e-01 5.284750322591541538e-01 5.175725000136107701e-01 4.296794561716050231e-01 4.400234332546561489e-01 5.657257849784521619e-01 5.371888115734677616e-01 6.229645337222536883e-01 4.144744530507063485e-01 3.340004723896975447e-01 6.326762503034170093e-01 7.055499032225295286e-01 3.510967579186007881e-01 5.826183178337246416e-01
5.257277606447577911e-01 2.829184659426255966e-01 3.999948683093401125e-01 6.531128240801109541e-01 4.427437116674480810e-01 3.121291098355241656e-01 7.617569142126505710e-01 3.719057029877499421e-01 6.236392442395166658e-01 4.993849307540088045e-01 5.484853554796476072e-01 4.564215959448485460e-01 5.579691331569727186e-01 2.759115545109109280e-01 6.232880963743017144e-01 4.809270313589049106e-01 6.031500655480435125e-01 5.953542416793771164e-01 6.710376642229887167e-01 3.286421152855054095e-01 6.251545120405740397e-01 4.966823014842857154e-01 4.803568060797207551e-01 1.000000000000000000e+00 7.075356685301218418e-01 5.522722428560928876e-01 4.509504404158729551e-01 6.600956856796692529e-01 5.430904727219556527e-01 5.410284987230059572e-01 6.721060636689939471e-01 3.893395684766888798e-01 5.793458362346961543e-01 3.733825704345899443e-01 5.280749096164172318e-01 5.097151528037641155e-01 5.666643719343510410e-01 6.119343053603509830e-01 3.763845373976851261e-01 4.425415931180933238e-01
6.195796146579675145e-01 4.320961061291576644e-01 4.570307840150386047e-01 6.050851754381703085e-01 4.552825022739803162e-01 4.178792866068818945e-01 7.244527746996114459e-01 4.214823013216540959e-01 6.692459625656751454e-01 5.605968138226928854e-01 5.219539069648075902e-01 6.281485036317789872e-01 6.439054705093486541e-01 3.550249406787602813e-01 5.342423066221099193e-01 6.386664408021850425e-01 6.030368093484642644e-01 6.492874118181941601e-01 5.093794361933485781e-01 4.321420074207875106e-01 5.356559750452689617e-01 6.096776627856185238e-01 5.424932537453261983e-01 7.075356685301218418e-01 1.000000000000000000e+00 5.861056510018923804e-01 6.079848907851963524e-01 5.681405054213862771e-01 6.844437726099907859e-01 6.932883998444709928e-01 5.649681330572408067e-01 3.625202534054839942e-01 4.916631802682090435e-01 4.760013846176409102e-01 4.853838705100093631e-01 4.126518656913791272e-01 6.005452803084867508e-01 5.189282186212192949e-01 4.332169882897945468e-01 5.177143433703803588e-01
5.026069299886003483e-01 3.453540136574194674e-01 6.793327166620802826e-01 5.304540135107785881e-01 5.475479645256779992e-01 4.942401311295387401e-01 5.365004628021349253e-01 4.121315151035679358e-01 5.075907361199945012e-01 6.831448184032093973e-01 4.224561021940482219e-01 6.280506397071043967e-01 5.483178086642482851e-01 3.091015500172951125e-01 5.074231590813963466e-01 4.870164482290515462e-01 7.953187122332697756e-01 7.752098103656159811e-01 4.473498835925311390e-01 5.439017667910607257e-01 5.820489523378826746e-01 6.289823084164001266e-01 7.573275636775214092e-01 5.522722428560928876e-01 5.861056510018923804e-01 1.000000000000000000e+00 4.336518476653949405e-01 5.949355161441594042e-01 5.368502498550090651e-01 5.455955643380873132e-01 4.101506100666258980e-01 5.979001481125405526e-01 5.830701380978604575e-01 7.066043750183408356e-01 4.359876928739969126e-01 3.070269631063477500e-01 6.299302266024315866e-01 8.433225057366143806e-01 3.115412760720033813e-01 7.100574738889153803e-01
4.573893452693834627e-01 5.755497934888821332e-01 2.614158415697106497e-01 3.351536111210114410e-01 2.456185284959822024e-01 4.641654038586083275e-01 4.717250197283310298e-01 3.303573759822233114e-01 6.631831394551750414e-01 5.108838002917016619e-01 5.150296401766337739e-01 5.952289182756497210e-01 4.185535289107336077e-01 3.773619569065184698e-01 2.934902706905758163e-01 6.841908582817717299e-01 3.968942146822040384e-01 4.452119917211413980e-01 4.312737854996370190e-01 3.181673693170435913e-01 3.857792029708666526e-01 4.233118643165807993e-01 3.944011231975547704e-01 4.509504404158729551e-01 6.079848907851963524e-01 4.336518476653949405e-01 1.000000000000000000e+00 2.760010805214351270e-01 4.599316856686019306e-01 6.697841804191549953e-01 3.757121404445769031e-01 2.086287965269238154e-01 2.770235804717680606e-01 3.789060026512685586e-01 5.059649471795412135e-01 3.206787092872676048e-01 4.452323522193519789e-01 3.474403077639102166e-01 4.815943745879036619e-01 4.323389848282720993e-01
5.075889147925927158e-01 1.738110302715188682e-01 4.989068667710101490e-01 7.341364906246031774e-01 5.590992237740564086e-01 3.809735303080555857e-01 7.020188103203938157e-01 4.608324435518997841e-01 3.996864380694342134e-01 4.712159491570786507e-01 4.174534806141218524e-01 4.729571243447175388e-01 6.280796268424800877e-01 3.332463900817514979e-01 6.639785122145360763e-01 3.418285378227535753e-01 6.494034643469274171e-01 6.727378540246147232e-01 4.632334202928988787e-01 3.940938265412872732e-01 6.050434917557258041e-01 6.113366682177919786e-01 5.284750322591541538e-01 6.600956856796692529e-01 5.681405054213862771e-01 5.949355161441594042e-01 2.760010805214351270e-01 1.000000000000000000e+00 5.241633835981707179e-01 3.861522472190453414e-01 5.441269307316685122e-01 4.896880964560970106e-01 6.422612341017480686e-01 4.619173413400587958e-01 3.901227643767886111e-01 4.331921711785831630e-01 5.523644524329929251e-01 6.389312425306573617e-01 3.174648494600620374e-01 4.542908175266812676e-01
6.866578615326937030e-01 4.303278854074815696e-01 4.537029754319907293e-01 5.148453957033232165e-01 5.411903317845090378e-01 4.891117504784104342e-01 6.786684853822688712e-01 4.651270339720828262e-01 5.431426757085496826e-01 5.877086379972422669e-01 3.666193819582715951e-01 5.490317537158339034e-01 5.623030156188280060e-01 3.903435460844964511e-01 4.862993909062094944e-01 5.357648389627398533e-01 5.103240626015680403e-01 6.015679871558152758e-01 3.828550441062159582e-01 5.017581363883786283e-01 4.728525217001962044e-01 5.706681162505424787e-01 5.175725000136107701e-01 5.430904727219556527e-01 6.844437726099907859e-01 5.368502498550090651e-01 4.599316856686019306e-01 5.241633835981707179e-01 1.000000000000000000e+00 6.077556745749815859e-01 4.107564257423506615e-01 3.643209088499954063e-01 5.054621903102283209e-01 4.815873000439440110e-01 3.913982844984421061e-01 3.727776353918714758e-01 5.512295323546927417e-01 4.138554801832819985e-01 4.098056661199916406e-01 5.494161856753642104e-01
6.470839655596835049e-01 5.070060333666593921e-01 3.077094020450720779e-01 3.765453033919889947e-01 3.353985421782158527e-01 3.936823611782006016e-01 5.949806884754095249e-01 2.945892719222145684e-01 7.673246619335685192e-01 5.680902972401264961e-01 4.649090619047853146e-01 5.769040323635029610e-01 4.438742764362821336e-01 3.312914118468442970e-01 3.168016938812056593e-01 7.679215982109743877e-01 5.075731196408028723e-01 5.750656531069409105e-01 5.427459761503381497e-01 3.594163541116283667e-01 4.058025936715977666e-01 4.990152108467793002e-01 4.296794561716050231e-01 5.410284987230059572e-01 6.932883998444709928e-01 5.455955643380873132e-01 6.697841804191549953e-01 3.861522472190453414e-01 6.077556745749815859e-01 1.000000000000000000e+00 3.752182736511337491e-01 2.407502851168671076e-01 3.425552459022287444e-01 4.168783708197791871e-01 5.325199053483465894e-01 2.934478524965198898e-01 4.974265367665079429e-01 4.431951973222551522e-01 3.519194550558913392e-01 5.122210839448939623e-01
4.257667619758184196e-01 2.804089738455732284e-01 3.942281707693111037e-01 6.163931198663946676e-01 4.159325855709351538e-01 3.556075871648776698e-01 5.053157710797093749e-01 4.303438693271122717e-01 4.834802070629073967e-01 3.851082415883733123e-01 6.043108059669076715e-01 4.166516280362764224e-01 4.651450319267418920e-01 3.139920390811297146e-01 7.046517362930744266e-01 4.403490034738926084e-01 4.328850654338243231e-01 4.013604041125456434e-01 6.351777320904169466e-01 3.259196795186125040e-01 6.351568748933223985e-01 3.707121078392779379e-01 4.400234332546561489e-01 6.721060636689939471e-01 5.649681330572408067e-01 4.101506100666258980e-01 3.757121404445769031e-01 5.441269307316685122e-01 4.107564257423506615e-01 3.752182736511337491e-01 1.000000000000000000e+00 4.417462610582340576e-01 5.284539310087938979e-01 3.433276081706352900e-01 4.453860628787703613e-01 5.594435145160373546e-01 4.655773185936444292e-01 5.005532758633389756e-01 3.839647927645578607e-01 3.840838396921176789e-01
2.555265031263936337e-01 1.823644290649440725e-01 7.096531246855377617e-01 5.189134879456684946e-01 6.008538138422468977e-01 4.054277706287675032e-01 3.678545597641826870e-01 3.804027108277938662e-01 2.485416972667562618e-01 3.861985168609604613e-01 3.441891678045435055e-01 3.875768049969540163e-01 4.613585631673904897e-01 2.607836965027353626e-01 5.416928183976297273e-01 2.209324888112947360e-01 4.969786760014846538e-01 4.568655740189783709e-01 3.210620354806841270e-01 5.255824482519728669e-01 5.869009756147691714e-01 3.679293789408175086e-01 5.657257849784521619e-01 3.893395684766888798e-01 3.625202534054839942e-01 5.979001481125405526e-01 2.086287965269238154e-01 4.896880964560970106e-01 3.643209088499954063e-01 2.407502851168671076e-01 4.417462610582340576e-01 1.000000000000000000e+00 6.604671005841652454e-01 6.905627418480513313e-01 2.360392889853130116e-01 2.923929677130785998e-01 4.209582603691774394e-01 6.456573063585877570e-01 2.751006913165517931e-01 5.266413098694945338e-01
4.223280645114620979e-01 1.691990610077171997e-01 6.292416305998211890e-01 5.700365912569617111e-01 7.166992396111514507e-01 4.664071238897674609e-01 5.550800608902494160e-01 5.140412198088974982e-01 3.546264537312764920e-01 4.590128332987832294e-01 4.185857428127960911e-01 4.008132415770579993e-01 4.571787666996040556e-01 4.416520146818376236e-01 6.629795632471345845e-01 2.935295840712465187e-01 5.531158767741158888e-01 4.995784097680642244e-01 4.231766516800452571e-01 6.049419234685923241e-01 6.069449697947212341e-01 4.445544342665307402e-01 5.371888115734677616e-01 5.793458362346961543e-01 4.916631802682090435e-01 5.830701380978604575e-01 2.770235804717680606e-01 6.422612341017480686e-01 5.054621903102283209e-01 3.425552459022287444e-01 5.284539310087938979e-01 6.604671005841652454e-01 1.000000000000000000e+00 5.364982318840746389e-01 3.161263235040184805e-01 4.904592109611280448e-01 4.880402116454560235e-01 5.890202834853878189e-01 4.001428250550362886e-01 5.176649332299770867e-01
4.110703222493809483e-01 3.643914352833464432e-01 7.205312257395436459e-01 4.392912399520199629e-01 5.765945052694974038e-01 5.233819131821375592e-01 4.150690670614751165e-01 4.219568438804731092e-01 3.470489918976240040e-01 5.908535230333120669e-01 2.905554395568151760e-01 5.864900259490923862e-01 4.581539447821436628e-01 3.534800959471099402e-01 4.157803628938772644e-01 4.171387589048192734e-01 5.475343331047330953e-01 6.106479043085498715e-01 2.857991197575940889e-01 6.773680680182652125e-01 4.626470671259304002e-01 5.365222882741226273e-01 6.229645337222536883e-01 3.733825704345899443e-01 4.760013846176409102e-01 7.066043750183408356e-01 3.789060026512685586e-01 4.619173413400587958e-01 4.815873000439440110e-01 4.168783708197791871e-01 3.433276081706352900e-01 6.905627418480513313e-01 5.364982318840746389e-01 1.000000000000000000e+00 2.543009864758148386e-01 2.213160134105326415e-01 4.608952516088583584e-01 5.944677907478926882e-01 3.052685164142578400e-01 7.118595670974815492e-01
3.638618650865199644e-01 3.533494902695420437e-01 2.191102430383840560e-01 3.659757215124734286e-01 2.600841767662858683e-01 2.693278594165963158e-01 4.966665398462428160e-01 2.874749494101180303e-01 7.423098202649494048e-01 4.199658085593112600e-01 5.785486693052757090e-01 3.903725117781891019e-01 3.734944499101284787e-01 2.571482699711663544e-01 3.846200013789930483e-01 4.680348183359995806e-01 4.463649763105571600e-01 4.183685480131175694e-01 5.566214359587344784e-01 1.391523013448551227e-01 3.854689298055760660e-01 3.697113204314300683e-01 4.144744530507063485e-01 5.280749096164172318e-01 4.853838705100093631e-01 4.359876928739969126e-01 5.059649471795412135e-01 3.901227643767886111e-01 3.913982844984421061e-01 5.325199053483465894e-01 4.453860628787703613e-01 2.360392889853130116e-01 3.161263235040184805e-01 2.543009864758148386e-01 1.000000000000000000e+00 4.909810003014994928e-01 4.819093922950384856e-01 4.400431219770228330e-01 2.872877161971087445e-01 2.939863554517218591e-01
3.217725466185045735e-01 3.328265408830577421e-01 2.412778439671792174e-01 4.427645698699300691e-01 3.431599616860120938e-01 2.980780971173800364e-01 4.571557266623839655e-01 4.839391912384389816e-01 4.750432580914869529e-01 3.427376774686922700e-01 4.705309646324139505e-01 3.160125838527677034e-01 3.307663714934936383e-01 3.603309667181819886e-01 6.153184318932928276e-01 3.119293099758151389e-01 3.163981723332148221e-01 2.930214855704871835e-01 4.339145482680931698e-01 1.826160551922581810e-01 4.315885223263539183e-01 3.135074985047188179e-01 3.340004723896975447e-01 5.097151528037641155e-01 4.126518656913791272e-01 3.070269631063477500e-01 3.206787092872676048e-01 4.331921711785831630e-01 3.727776353918714758e-01 2.934478524965198898e-01 5.594435145160373546e-01 2.923929677130785998e-01 4.904592109611280448e-01 2.213160134105326415e-01 4.909810003014994928e-01 1.000000000000000000e+00 3.577929763312862055e-01 3.342927762867645702e-01 2.991501752104085421e-01 2.475998544713293448e-01
3.964528516847347084e-01 3.606344568216307001e-01 4.391686036590466968e-01 4.767939512611686359e-01 4.516081349234759568e-01 4.376395646276876050e-01 5.704569240121711848e-01 4.040715093830229421e-01 5.686536418737362375e-01 5.936231431763693278e-01 4.393906846299941993e-01 5.227901299660792089e-01 5.519512979829402921e-01 3.814112804777424759e-01 5.024274129357453322e-01 4.516525377100696903e-01 6.589872460491666972e-01 6.132994111707441576e-01 4.873668003388340053e-01 4.226775494624920304e-01 5.876456113716598262e-01 4.847893103290468186e-01 6.326762503034170093e-01 5.666643719343510410e-01 6.005452803084867508e-01 6.299302266024315866e-01 4.452323522193519789e-01 5.523644524329929251e-01 5.512295323546927417e-01 4.974265367665079429e-01 4.655773185936444292e-01 4.209582603691774394e-01 4.880402116454560235e-01 4.608952516088583584e-01 4.819093922950384856e-01 3.577929763312862055e-01 1.000000000000000000e+00 6.053607791567913177e-01 4.249084950022997687e-01 4.910871726087177036e-01
3.768818038952782001e-01 2.700812895218382415e-01 5.863258767951754491e-01 5.359087813613624407e-01 4.969941844953593146e-01 3.827482171031975633e-01 5.182757215541707874e-01 4.029658427149505617e-01 4.633489652693765226e-01 5.505641375284966443e-01 4.507240080871665056e-01 4.882758812638261503e-01 5.161881814453694872e-01 2.380212198963342074e-01 5.436412428448869072e-01 3.679222146192697163e-01 7.793430542317021370e-01 6.853174829695106718e-01 5.462677954436510053e-01 4.256267232871486783e-01 6.630266878186148460e-01 5.009606402327515529e-01 7.055499032225295286e-01 6.119343053603509830e-01 5.189282186212192949e-01 8.433225057366143806e-01 3.474403077639102166e-01 6.389312425306573617e-01 4.138554801832819985e-01 4.431951973222551522e-01 5.005532758633389756e-01 6.456573063585877570e-01 5.890202834853878189e-01 5.944677907478926882e-01 4.400431219770228330e-01 3.342927762867645702e-01 6.053607791567913177e-01 1.000000000000000000e+00 3.120918419099314445e-01 6.036826505836050405e-01
2.772724332992588248e-01 3.096894497210042063e-01 3.180736498885639585e-01 3.087059511516450083e-01 3.746685094389487491e-01 5.071311263047593165e-01 3.884756561285874210e-01 4.979925348060250112e-01 3.802782018505193595e-01 3.347290756079705498e-01 3.880671678910622702e-01 3.407898398297612430e-01 3.600042086224158333e-01 4.581504003357214083e-01 3.731605063932104671e-01 3.394143515008509748e-01 3.467905813846647867e-01 2.796289978216343064e-01 3.491684781779635371e-01 4.096324256039217682e-01 3.908643688935858895e-01 2.184132113599734637e-01 3.510967579186007881e-01 3.763845373976851261e-01 4.332169882897945468e-01 3.115412760720033813e-01 4.815943745879036619e-01 3.174648494600620374e-01 4.098056661199916406e-01 3.519194550558913392e-01 3.839647927645578607e-01 2.751006913165517931e-01 4.001428250550362886e-01 3.052685164142578400e-01 2.872877161971087445e-01 2.991501752104085421e-01 4.249084950022997687e-01 3.120918419099314445e-01 1.000000000000000000e+00 3.184827453963252619e-01
5.531176083463181792e-01 4.802804787364627348e-01 5.504178518459134084e-01 4.353418100062705909e-01 4.934115303039867673e-01 5.414466711874837967e-01 4.192137068964099655e-01 4.074489153741789882e-01 4.052720595907761680e-01 6.808801536762593143e-01 3.515449152538623889e-01 6.698130704418163717e-01 4.442844250052963573e-01 2.996905397173844632e-01 4.392094561245346029e-01 5.536975017693253065e-01 5.855351035561325856e-01 6.797500055449734457e-01 3.766361439629123953e-01 5.815303070062483037e-01 5.284363951185377939e-01 5.691961943181493844e-01 5.826183178337246416e-01 4.425415931180933238e-01 5.177143433703803588e-01 7.100574738889153803e-01 4.323389848282720993e-01 4.542908175266812676e-01 5.494161856753642104e-01 5.122210839448939623e-01 3.840838396921176789e-01 5.266413098694945338e-01 5.176649332299770867e-01 7.118595670974815492e-01 2.939863554517218591e-01 2.475998544713293448e-01 4.910871726087177036e-01 6.036826505836050405e-01 3.184827453963252619e-01 1.000000000000000000e+00
