1.000000000000000000e+00 2.311479655425061064e-01 1.709554740441220355e-01 2.977995162145529173e-01 2.047400125860156794e-01 2.965755726136534154e-01 2.743360146077918893e-01 3.360048932128640309e-01 1.607106207170616863e-01 4.995842119520954028e-01 3.373172486672562642e-01 2.671300775484971579e-01 1.207236217275603346e-01 1.751900763371944669e-01 1.238111357747671420e-01 2.902268362739360841e-01 4.117391078625999290e-01 2.099879723264612696e-01 2.805910287248832846e-01 2.129033230152340417e-01 3.076951358797854197e-01 2.698175809506139777e-01 3.741964710136214678e-01 2.428700275755458771e-01 2.680883470963215665e-01 4.492566850013756108e-01 2.511125488370546943e-01 4.803764006068248493e-01 2.651384232602554403e-01 2.500274965437370711e-01 2.565305926074137322e-01 2.056044874217379248e-01 2.331501303156506555e-01 3.622096391482702571e-01 1.916772256658152151e-01 2.334860506228050858e-01 2.526289925454166529e-01 2.573489212578619623e-01 3.539829232504331236e-01 2.462564284230548406e-01 2.757956060634134676e-01 2.177387286597999294e-01 4.717381448147317524e-01 1.844774325239811885e-01 3.377065472738983165e-01 1.921652429170660481e-01 2.797293088069412459e-01 3.559025350447954650e-01 4.047640914327286232e-01 4.728482790516935763e-01 4.167912328778189957e-01 2.601104305134260830e-01 2.414734205599052552e-01 2.506679945309616131e-01 2.802764272524760347e-01 2.695117180207473040e-01 2.890103052218678803e-01 2.550400596408968767e-01 3.943956724742206377e-01 2.523834343990081219e-01 2.255048790954542748e-01 2.620646141540092788e-01 3.746438344297949863e-01 3.502753475149480988e-01 2.591650155009367906e-01 1.327881387956866555e-01 3.800423859907762214e-01 4.017284333979580513e-01 3.021565545514369178e-01 2.597626612260611756e-01 2.825726649893246512e-01 2.814997967614170649e-01 2.646355181133795975e-01 2.127047900650211876e-01 2.565651668627812465e-01 3.068029790101739485e-01 2.443425813108399680e-01 3.070639129472685358e-01 2.986996530352705737e-01 1.885699180481325565e-01 3.712912890252937914e-01 1.765541262616472651e-01 3.755895132106396028e-01 4.951272690041614299e-01 2.833883467675068490e-01 2.688487436157968591e-01 2.780128988888022623e-01 3.526318146307720336e-01 3.221658272347204255e-01 2.359047081113250510e-01 2.190528847879135432e-01 2.553183009276507875e-01 2.141417395413395264e-01 3.062263125631219385e-01 3.847427495391315122e-01 1.987221847628254656e-01 2.797543774582916809e-01 3.604791468761635587e-01 1.709313744079763997e-01 2.498386064855724620e-01 1.754030579869486073e-01 3.540620167495780457e-01 4.316766716260635461e-01 2.295295469287584322e-01 1.775166360696384948e-01 4.554028417215322255e-01 2.527105004467503080e-01 1.845689885925166640e-01 3.507567479617954564e-01 2.644895691874892263e-01 3.003972637002890744e-01 1.612538140106808404e-01 3.314863052546718203e-01 2.029653709711301268e-01 3.696048891804850633e-01 1.910507513077677189e-01 3.368254490172236104e-01 2.478005936916453378e-01 5.266061089061226941e-01
2.311479655425061064e-01 1.000000000000000000e+00 1.721458265443058522e-01 5.726103455747112436e-01 4.556194224466718068e-01 5.899140807667125896e-01 3.156683867721050696e-01 2.520834261573923762e-01 3.200318947726074059e-01 3.431911053801341427e-01 4.113843462572008836e-01 2.552212287446898875e-01 1.989226145006274260e-01 2.175265713843524407e-01 1.881779538529220475e-01 5.337131595002149176e-01 4.258213018513842263e-01 2.260490599615408713e-01 3.611602640047804624e-01 5.273617796945910818e-01 3.054929074830601832e-01 4.563826582039207658e-01 5.013611368063586315e-01 4.829181953692781581e-01 4.706662098702709129e-01 3.422894170315452511e-01 7.593594045537522819e-01 4.255118424917526676e-01 3.021185375462943079e-01 4.539344670762199829e-01 6.411278733136294150e-01 2.151712453847820783e-01 6.889127452537505691e-01 4.244613608859539311e-01 2.658112133453981452e-01 3.325448837823078985e-01 4.973798655120482137e-01 2.792222371915602519e-01 4.199108029859653368e-01 5.579418867843645158e-01 2.122971821622825217e-01 2.469130960032946964e-01 3.591806730378755974e-01 2.994986383671308650e-01 5.576262577079893479e-01 2.344362521342785721e-01 3.872234398724707649e-01 3.221336056074893817e-01 2.099972268255637653e-01 3.659495399906337876e-01 4.277897604193953152e-01 5.422441016747665543e-01 4.363889571700888537e-01 5.371155763584730680e-01 5.036654300150644747e-01 3.440331950573736197e-01 4.788643388948509716e-01 7.267193789191688236e-01 3.649677501594613682e-01 5.159599038275243243e-01 3.764582594963642448e-01 5.641262713560669662e-01 6.334317566774746444e-01 4.777142224638215029e-01 4.646472890612213247e-01 2.137198462196148729e-01 4.351059158448410402e-01 4.632605853434741960e-01 1.796916033779397681e-01 2.505522608983113964e-01 3.814718401751601706e-01 4.698681480163587332e-01 4.959081003977980351e-01 2.550086590246669060e-01 3.801602510490742493e-01 4.306169571505378824e-01 4.182874342991047545e-01 3.528337902444971252e-01 4.217900017676274316e-01 5.230875117905877669e-01 4.830910676866760900e-01 1.398939542979670825e-01 3.514285841962004886e-01 4.996096401616996197e-01 5.227359776392787039e-01 6.868416405004644787e-01 6.495339581313359645e-01 3.181855308854453224e-01 3.382890548211072712e-01 1.955040498659813275e-01 5.249507111034431572e-01 1.718650616316376722e-01 4.938654703815970604e-01 5.252248977432781851e-01 5.250217946231894306e-01 3.387749989252255012e-01 3.428580315851606497e-01 4.801872168411236985e-01 2.304038988664275089e-01 2.303018417830160203e-01 5.923482341771659776e-01 2.588501180324301876e-01 1.816279532007555320e-01 4.550483262187082767e-01 1.175596423741076951e-01 4.333466473521335183e-01 4.096676426540308835e-01 3.486613156055027307e-01 5.166813959803285838e-01 5.559773818172234483e-01 4.242123659786083412e-01 1.408461713590903885e-01 3.040573142429824349e-01 4.190934020787278613e-01 3.971664228206766012e-01 3.036857026500683343e-01 3.606582883505336512e-01 2.970128922781907210e-01 3.840725681114099399e-01
1.709554740441220355e-01 1.721458265443058522e-01 1.000000000000000000e+00 2.432688541716606090e-01 1.509213315810508660e-01 2.128914111242464491e-01 1.956249285025506990e-01 1.703889006338043521e-01 7.551477922947412436e-02 1.831381512637087206e-01 2.160770590563197147e-01 3.877291984086101428e-01 7.490572960933412905e-02 4.147508167079777541e-01 4.937708561119646400e-01 2.299175366559473577e-01 1.658742529760549589e-01 2.612612051772569832e-01 3.129032892446935721e-01 1.692385915295271936e-01 2.873640380013678941e-01 2.757299447587590047e-01 2.821509417122265995e-01 3.889482733144270510e-01 2.955292842565801492e-01 2.127546668280783926e-01 1.716874828778310602e-01 2.319586344687428470e-01 2.802623889720454176e-01 2.066133901345915125e-01 1.855043975691510472e-01 5.042271314755959466e-01 1.299236183581098103e-01 2.538041965995650462e-01 1.509221204431677177e-01 1.863346857023547576e-01 2.723745742085099675e-01 1.545648745039776006e-01 2.413290255814567464e-01 2.040290253718602675e-01 1.239748539504069991e-01 2.052760957989189505e-01 2.433109149974968521e-01 2.287449710625982791e-01 2.473912757581346877e-01 4.103143930120176641e-01 3.302369481944890106e-01 2.156014592303027722e-01 1.142232186291846779e-01 2.284186814863136405e-01 3.134093613797293010e-01 2.298682996053267313e-01 2.526823055105949511e-01 1.817579593037544350e-01 2.695352169817181731e-01 1.876326978672649692e-01 2.448448472720951286e-01 2.204822493019424068e-01 1.842986733039561065e-01 2.598786642510359512e-01 2.565903204011272809e-01 2.563865978336892781e-01 2.269054924975305587e-01 2.141321353995316312e-01 2.753536515351041603e-01 5.224002486550120006e-01 2.348046190000796785e-01 2.643824277756371410e-01 2.381885627136838823e-01 1.885178105681278304e-01 1.706432037764986087e-01 2.577873589359329642e-01 2.389142844354092132e-01 2.922353327597864148e-01 2.484589444265706826e-01 2.298272941369168543e-01 2.004656024421348215e-01 3.635875307499749631e-01 2.851239949850698507e-01 2.068825146194002429e-01 2.834812030908149816e-01 3.314130189966873474e-01 1.906290475094610803e-01 2.135535732654363916e-01 3.300515661905532028e-01 1.371450573348995672e-01 1.681317787460681612e-01 3.273742107533796908e-01 2.542330053701922221e-01 3.411100812642833269e-01 2.430793545155566782e-01 1.680577661648172960e-01 2.156191240057966085e-01 2.369704078240671419e-01 1.618320994584868389e-01 1.433096136729374304e-01 2.313857421761784106e-01 2.033126895050985095e-01 4.628371477867312400e-01 2.132708747546106787e-01 1.139655644926212130e-01 1.299124854301629828e-01 1.846726579326836148e-01 3.023390470133388575e-01 4.656850565886354598e-01 2.223741982645682791e-01 3.448107150472350391e-01 1.311641627040653069e-01 2.016234800842380548e-01 2.330002924417447496e-01 1.788584336489706661e-01 2.346528207270771604e-01 2.097518987624369391e-01 1.686032543045278553e-01 2.165671460843720808e-01 2.821461082499325257e-01 2.168177308699143768e-01 1.447367232437085927e-01 2.518336818232016494e-01
2.977995162145529173e-01 5.726103455747112436e-01 2.432688541716606090e-01 1.000000000000000000e+00 4.269346556968703355e-01 4.170605733276482874e-01 3.195352057224064013e-01 2.384611624931090579e-01 3.705144201432992723e-01 5.225160619181259403e-01 4.430719452486450161e-01 2.695685670871171835e-01 2.251843390662153499e-01 3.715548072991545769e-01 2.035016240302149892e-01 3.619826687705259838e-01 3.857577810304672061e-01 2.847785748399795369e-01 4.318079216419712374e-01 4.108002532432231124e-01 4.585928734468393553e-01 3.670033237137101390e-01 3.704928390631206936e-01 5.522889455198511932e-01 5.188346359740961811e-01 3.177839395096320740e-01 5.309087546281605619e-01 5.376018118863761241e-01 2.641102076357350614e-01 3.948783581907161500e-01 5.638281820797278465e-01 3.167943567710265196e-01 5.138228184778623753e-01 4.258604719825955232e-01 2.360439554684643226e-01 3.325814200934830711e-01 6.563348907068147220e-01 2.350989005613543514e-01 5.159612840817870971e-01 4.530997019079212595e-01 2.290441882042680566e-01 2.564796875163634637e-01 4.801872755955371996e-01 3.630546146087095249e-01 6.358736781290096340e-01 2.808326854524459959e-01 5.039327059243049467e-01 4.573202884481212815e-01 2.150059384267145879e-01 3.558404394400225823e-01 4.982133717284530916e-01 4.747112685620160644e-01 4.979687583522270922e-01 5.390377665684381592e-01 5.648486374096997054e-01 2.478161042149132354e-01 4.680987787952968771e-01 5.775683127991572130e-01 3.902328570143139830e-01 5.228616336525427899e-01 4.817556561463107734e-01 5.747177199637847345e-01 4.324948134521647281e-01 6.173480868150850176e-01 4.790764428790176832e-01 3.158281431481979595e-01 5.859715241123819585e-01 6.823686777289075245e-01 1.890829966146531371e-01 2.608869211621616668e-01 3.959079219402305005e-01 4.077472418315040148e-01 4.368933334713693828e-01 2.848619669822430867e-01 3.361353997337528932e-01 6.190315559371520893e-01 4.014401950407097686e-01 4.466453889715510384e-01 3.885261238105662263e-01 4.276512116453766721e-01 5.784401002105450385e-01 1.695561976007593230e-01 3.087823207040799600e-01 4.488663757329131032e-01 5.996799830442463008e-01 5.529676617293799445e-01 7.153287799535639202e-01 4.022896244475427929e-01 3.698709157003476911e-01 2.007815339120695708e-01 4.474756421943665297e-01 1.464350884674216202e-01 4.762685492526281261e-01 6.762800132576505252e-01 5.716849882172724273e-01 4.254253527661031598e-01 3.131493965612018870e-01 3.637283377647237415e-01 3.018366609419283475e-01 2.030985646504746833e-01 3.724548808762137564e-01 3.166770721863517712e-01 2.560725878636199715e-01 4.766900535635559266e-01 1.811262069314363010e-01 5.521106884386124403e-01 4.737033027066614999e-01 3.472900422957697075e-01 6.173735324513017764e-01 4.684298986769933060e-01 5.219787484639790698e-01 1.643760071925827182e-01 3.384430114154187708e-01 4.139087409038958998e-01 3.027874319458996877e-01 4.131258732912479470e-01 2.455059602144060160e-01 2.763131730548513132e-01 3.701467749881398595e-01
2.047400125860156794e-01 4.556194224466718068e-01 1.509213315810508660e-01 4.269346556968703355e-01 1.000000000000000000e+00 3.011077556737083993e-01 3.482637424317172048e-01 2.749470078479295254e-01 5.184906100269451867e-01 2.407869189427555845e-01 5.689199800758988346e-01 1.908143617904310696e-01 3.689717501030243541e-01 3.020590011171181422e-01 1.523714615822642227e-01 2.368594250176599414e-01 3.359760053032242455e-01 2.196238546015815973e-01 4.491358352774101337e-01 6.085486342652892677e-01 3.163283054687103801e-01 4.329844034262997354e-01 2.678363446781895085e-01 2.937679168888258086e-01 2.597045340336630592e-01 3.228976116258380213e-01 4.023156916716754683e-01 2.060873640764707693e-01 2.155027619758516366e-01 5.792413002043287351e-01 3.728124366265250234e-01 2.567040313709172406e-01 5.391148188808131403e-01 3.088607268981819476e-01 2.394319532199566947e-01 5.933137939916046655e-01 3.234468743928876067e-01 2.086161073292732704e-01 2.705397681633751605e-01 3.410894050919400788e-01 2.247228723060596123e-01 3.290333678906112169e-01 3.147075742552763455e-01 3.529814260230235146e-01 3.197897692201939202e-01 2.882613898872563030e-01 2.615622960776076700e-01 1.983747511986896361e-01 2.787181151786401467e-01 2.368343486357368799e-01 2.282069648064262712e-01 5.924345708804392707e-01 3.022242767968860155e-01 5.808104656825149315e-01 2.581750207673709219e-01 1.948460520122150264e-01 2.531977396252852452e-01 4.083923245312009453e-01 3.481284800043239480e-01 4.007189573539273741e-01 2.389677670059219827e-01 3.392481245066276130e-01 2.877220033827216916e-01 4.306586198801380938e-01 5.654281904887222820e-01 1.724038741447379841e-01 2.569803454684932986e-01 4.445117835966377329e-01 3.386170140162224063e-01 2.426673909180549482e-01 5.159267333135976186e-01 2.501209009927397031e-01 6.040052115369728414e-01 2.049775459924270682e-01 2.478611770380297341e-01 5.052788811271269331e-01 2.507429429267119536e-01 1.915850586349829021e-01 5.488860269710845730e-01 4.525808606566005254e-01 2.777586586361997512e-01 2.101910044036024994e-01 2.817602399719569828e-01 3.017042925364777917e-01 3.110816780759959599e-01 3.928166248931141968e-01 5.222884925467979889e-01 1.707423942961228680e-01 3.887491687065767199e-01 2.714326680225301880e-01 4.248341562536071536e-01 1.489467447458402427e-01 3.077804333820719496e-01 3.750442658391957007e-01 4.205670731390852013e-01 5.167871836077729819e-01 4.102026572192663534e-01 2.561325554882369349e-01 1.781765553629370002e-01 2.837135126554613529e-01 5.490876188244356859e-01 3.280797803814416991e-01 2.314569850623085512e-01 2.476439035372505759e-01 1.532829840712335301e-01 2.426108381654576984e-01 2.091456572765199584e-01 5.618524643623711290e-01 3.347573408960328734e-01 3.796762366490872287e-01 2.307889793296186987e-01 1.651050600594430318e-01 2.800653642807582333e-01 5.576241474600552861e-01 3.133938427724034526e-01 2.586516409274263739e-01 2.247056197751348405e-01 3.376690169959360999e-01 2.719212369024708864e-01
2.965755726136534154e-01 5.899140807667125896e-01 2.128914111242464491e-01 4.170605733276482874e-01 3.011077556737083993e-01 1.000000000000000000e+00 3.381759072565451163e-01 3.745081398200099665e-01 1.443936400957727961e-01 3.716671848270934886e-01 4.067936815364030512e-01 3.602803201890329432e-01 1.255048833071639169e-01 1.281375606208981499e-01 2.689821074101647058e-01 6.696378863165024509e-01 6.522108204378206375e-01 2.228026752778046737e-01 4.156875970181739821e-01 3.497246039546672014e-01 2.777519489809399111e-01 4.089256876930271734e-01 6.224173531867137621e-01 4.305752625549218449e-01 5.340608577499252885e-01 4.928359758776357791e-01 5.931804307434053181e-01 5.194091469124090255e-01 4.272869331347938227e-01 3.341003546293184190e-01 6.077505617372355173e-01 3.196907797039653110e-01 4.169471356127449901e-01 6.569922372298416802e-01 3.095048672592192185e-01 2.458571389363543025e-01 4.396356130707099741e-01 2.337577313990184535e-01 3.977212978293123147e-01 5.962069984905753461e-01 2.340286173852851870e-01 1.617263152713974694e-01 3.734366199174229406e-01 2.210085328316616360e-01 4.908462450408940247e-01 2.105908087515696303e-01 3.210031711200022064e-01 4.121438563694572732e-01 2.518075279081323226e-01 4.932945311991801529e-01 5.443003040795103553e-01 4.625223952355972390e-01 4.005181069353428436e-01 3.344643704446246812e-01 4.909391419198834150e-01 4.587763387701231932e-01 5.825295653931158446e-01 4.755275193081840435e-01 4.659596778157714669e-01 4.989024761049635770e-01 3.529393399581688406e-01 5.197543342494916896e-01 7.468978232329089861e-01 3.582049977971438759e-01 4.332273784257487659e-01 2.688215439043903920e-01 3.952502459708858717e-01 3.871500993926695333e-01 3.255759019117788200e-01 3.053120821189736489e-01 2.992241622522931466e-01 7.385459664725617657e-01 4.167238797763186953e-01 3.062809680580548255e-01 5.821592792737187994e-01 2.888878895509253142e-01 4.969489669011881716e-01 4.139892199210161161e-01 4.674123403037889757e-01 3.744753354178895211e-01 4.428886790646469618e-01 1.452645898433745641e-01 3.668128354934802604e-01 5.632798701351415804e-01 4.173215882014951195e-01 4.192567582028815520e-01 4.047111030614153893e-01 3.966932038960658269e-01 4.961851271557323750e-01 2.029577916267079063e-01 6.213347459515635718e-01 3.098710353541763718e-01 5.330416944599958295e-01 4.131358042535609454e-01 4.366237237054149678e-01 1.959332143882950850e-01 3.152639014131459194e-01 5.647108876567960012e-01 2.927294610219517423e-01 2.769530824920348744e-01 4.409951393428895861e-01 2.957210360284368011e-01 3.202415558802929052e-01 5.167436445536306433e-01 3.137717434771153391e-01 4.576953905172315151e-01 4.092940104315989647e-01 2.372844638015623175e-01 4.553308453093301567e-01 5.318924682633708878e-01 4.683211032907994009e-01 1.455105961200490183e-01 3.178908292381075751e-01 2.422030151304668533e-01 4.636492941089567221e-01 1.560953219016248950e-01 5.427696614131527486e-01 2.314697461658546673e-01 4.816953492765981837e-01
2.743360146077918893e-01 3.156683867721050696e-01 1.956249285025506990e-01 3.195352057224064013e-01 3.482637424317172048e-01 3.381759072565451163e-01 1.000000000000000000e+00 4.467655855855078850e-01 3.528916229532025883e-01 4.428333642634760814e-01 6.114798083606288737e-01 2.513436729854429119e-01 2.193384037816643595e-01 6.384658374371564304e-02 2.327741842224494151e-01 2.839258522195275414e-01 3.578072195051824611e-01 1.632655864747153407e-01 3.490191636321422486e-01 3.080478354844723432e-01 4.938307203561917991e-01 4.563965364539698810e-01 3.717161680955995973e-01 1.930298646676474605e-01 3.083479716163121664e-01 4.321512116215194266e-01 3.161541254989574945e-01 3.032913908499854649e-01 3.865167038096820051e-01 3.783169581830132522e-01 3.552044572411137136e-01 1.991732115863517061e-01 3.039724124935874183e-01 3.952922429053347120e-01 6.056353028342428280e-01 4.720362757833649892e-01 2.661510066890105941e-01 5.165946052818063405e-01 3.437866621894543062e-01 4.129582717150171445e-01 4.326454839906243577e-01 3.268331235601226736e-01 4.499715577847655523e-01 2.673308366137873149e-01 3.933450774752528800e-01 2.306305170569968033e-01 1.842351513413635622e-01 2.522171115326341528e-01 4.862740624642381548e-01 3.698462831028013764e-01 2.819728393214681050e-01 3.071178677220879893e-01 2.442267313798189288e-01 3.095740059349126327e-01 2.589164934734246026e-01 2.666573699775732775e-01 4.178845506191182779e-01 3.502425693111239635e-01 5.633472854276739827e-01 2.942685518656475430e-01 2.307831675656938641e-01 4.133699003633601876e-01 3.084757764769484600e-01 2.796123552261667311e-01 5.010231784364672647e-01 4.605841266167587378e-02 4.210000182218405218e-01 4.308567676392183188e-01 2.452119028365187248e-01 2.930839666599092674e-01 6.872214809070673613e-01 2.849654854577685081e-01 3.400817849246180469e-01 2.095410912265616432e-01 3.211727275371601409e-01 4.160864761588632388e-01 3.634790199306912051e-01 2.273475580201078372e-01 4.201230168368315088e-01 2.951481253949788663e-01 4.207044822278845908e-01 1.356904793725726976e-01 5.199967182570659485e-01 3.263065429398671058e-01 3.205087122977026137e-01 2.782157332645883718e-01 3.048745932505860790e-01 1.695994621587862405e-01 4.600856502473903986e-01 1.969974668995256861e-01 2.920712257500618358e-01 3.497951533562150828e-01 3.399264044610192381e-01 2.443466810172492676e-01 3.427427680636708218e-01 3.015555582323333761e-01 7.062867128081182777e-01 2.144182505883198697e-01 2.500627672019052894e-01 3.122407548902580987e-01 2.533182948522170741e-01 7.018494528699826818e-01 4.200361228494954857e-01 2.424185848131836796e-01 1.460875373864521654e-01 3.623242983932162264e-01 1.523918602644301901e-01 4.374459346176448049e-01 3.433827329310140120e-01 3.788166481760369964e-01 3.080521091439206161e-01 3.001000063310245158e-01 3.616897810604525754e-01 4.177658389936555472e-01 4.745135937574652130e-01 1.086312077281446353e-01 2.447583435344824199e-01 5.195021229097457338e-01 3.400905396668732483e-01
3.360048932128640309e-01 2.520834261573923762e-01 1.703889006338043521e-01 2.384611624931090579e-01 2.749470078479295254e-01 3.745081398200099665e-01 4.467655855855078850e-01 1.000000000000000000e+00 3.428580083423671820e-01 2.454095993146412913e-01 4.582029963190668576e-01 3.604697458713118086e-01 2.760879314453776323e-01 4.938308746853487669e-02 2.820820772512004360e-01 3.984390754372813537e-01 3.919525493881654832e-01 1.631028702421866705e-01 2.997463408762217618e-01 2.283375545898455872e-01 2.950619299697604392e-01 3.581547352860663946e-01 5.819950913638858303e-01 1.528214364888886290e-01 2.858429712643145715e-01 4.011205971249461877e-01 2.539830320573774336e-01 2.790829991437915880e-01 4.769480025672075407e-01 2.219853834868128206e-01 3.022320688756556795e-01 2.075578052474229274e-01 2.889653837113130286e-01 3.808085844079133753e-01 3.735178356959903412e-01 2.216806321624698872e-01 1.727141503107814113e-01 2.654028385205176033e-01 2.312067372420753830e-01 2.947641250577042182e-01 2.489240448816895102e-01 1.503677741735230389e-01 3.488293495223983021e-01 2.837367908957688090e-01 2.448463042132174028e-01 2.548365973702022003e-01 1.543275795042549636e-01 1.859450868479364805e-01 3.017409708063508722e-01 2.846232018867572711e-01 3.464960433591721123e-01 3.058523627497435893e-01 1.862868425849410481e-01 2.767016089998693418e-01 1.946014217819530545e-01 3.450760057922346857e-01 3.213214303467257782e-01 2.289108410893621603e-01 4.160649257446083493e-01 2.840674486338907734e-01 1.699479178448955463e-01 2.527342271600503398e-01 3.411022662009678963e-01 1.471074868299994676e-01 3.505119573203653305e-01 6.183858499896603689e-02 2.613637496775636504e-01 2.231544336176010945e-01 3.814159146442663295e-01 2.207657467454246236e-01 3.970869304201148919e-01 3.114486261804009226e-01 2.582052753377459542e-01 3.626535763603290774e-01 3.320065701709959405e-01 2.984965444361436515e-01 2.494467713492006244e-01 1.947636253931692707e-01 3.456521941917877205e-01 2.256363998511126956e-01 2.747566035215375790e-01 3.052664821248455285e-01 3.818190572870039379e-01 4.015353809711526556e-01 1.876898139095673490e-01 2.209971129737710038e-01 2.663322832468926205e-01 2.081077604335560827e-01 3.599945772405295230e-01 3.290092771510437220e-01 2.928198887280801244e-01 5.771517182827186065e-01 2.668763460520294228e-01 1.851861458276093109e-01 2.155094558899689206e-01 2.547990332289304938e-01 3.827180324767592845e-01 2.869425228150090379e-01 1.494752771845483663e-01 2.812047018048195457e-01 2.165175213256139708e-01 4.480101158306477593e-01 7.033805523022326200e-01 2.604482358071639747e-01 1.930101847037829221e-01 2.565058642240969911e-01 1.079336022623224589e-01 2.872227258757567570e-01 2.189909675234312791e-01 3.116335931216104860e-01 2.310184462083640922e-01 2.313883695478834990e-01 2.978677407725424109e-01 3.241195638364623433e-01 5.224849422608855987e-01 7.626876271643769079e-02 3.547210003974356485e-01 3.399222353968469612e-01 4.512796160422092306e-01
1.607106207170616863e-01 3.200318947726074059e-01 7.551477922947412436e-02 3.705144201432992723e-01 5.184906100269451867e-01 1.443936400957727961e-01 3.528916229532025883e-01 3.428580083423671820e-01 1.000000000000000000e+00 2.361456957098589660e-01 4.721634952576290178e-01 7.553103224177182273e-02 5.904314126831724518e-01 1.970339902496678619e-01 9.440664869586701258e-02 1.040431981063105193e-01 1.896094292502923939e-01 2.010893823102755384e-01 2.984093432196689988e-01 4.711369747498402316e-01 3.267187771730616919e-01 3.504777686461211239e-01 2.023247934553927541e-01 2.497674728233056640e-01 2.067581151319261012e-01 1.711262058623352067e-01 2.579288175791075166e-01 1.989822534916083074e-01 1.300778825973222530e-01 4.375811326291221826e-01 3.219786101254972777e-01 1.161131204645693416e-01 5.339761201173373051e-01 2.172326928482448682e-01 1.620595873840945111e-01 4.138341726118933694e-01 2.780505208596286693e-01 1.994885561007481156e-01 2.679656646602416314e-01 2.693943590140249755e-01 2.025842232847557545e-01 2.881800380170944642e-01 3.013645791918739825e-01 4.230233676182761360e-01 2.776066125539334295e-01 2.823220473175587220e-01 2.287605002744799998e-01 1.691784469140819591e-01 2.318642084613596888e-01 1.017082185803275945e-01 1.003292989536400670e-01 3.332364808890875274e-01 2.457711721755167500e-01 4.814364847448959761e-01 1.632730958134985810e-01 1.052368704167200020e-01 2.134498988739580161e-01 3.616423576631743186e-01 2.963865039309004357e-01 3.304973079926020185e-01 2.151150381402818224e-01 3.133554897320446897e-01 1.972220070066422470e-01 3.300954115177524018e-01 4.321308157170181130e-01 3.483110543488043831e-03 2.572248350476707413e-01 3.188945153788406150e-01 1.729331725477342430e-01 1.522557884328518685e-01 4.966923396661362955e-01 9.216886860415712812e-02 3.418158280787587655e-01 1.787758311003457834e-01 1.956599081910685156e-01 3.914296485615133547e-01 2.196071437935591397e-01 1.239253271581160498e-01 3.440441505216345619e-01 4.265923755789342020e-01 2.716203144815758086e-01 2.520060733560325339e-01 2.431145811059015338e-01 2.409642513102422945e-01 2.879575022177405796e-01 2.594699470555120180e-01 4.370177199321264028e-01 9.060257726603056228e-02 3.176965494247079858e-01 2.696831317310224296e-01 3.152064472687734487e-01 1.516831120467804495e-01 2.930789531406869930e-01 3.513645614985136945e-01 3.008078140372342779e-01 6.484482577250929580e-01 3.986017174726252943e-01 1.865372993264760304e-01 1.283426904823540826e-01 2.061802961799046874e-01 2.467013996541044529e-01 3.811053960530024765e-01 2.869175208852702275e-01 1.458373680309483778e-01 -5.607693323550120429e-02 2.058700861072498001e-01 5.512837023658390123e-02 4.626090450187365644e-01 2.629207290542762143e-01 3.137663763591359567e-01 2.014773807615259926e-01 1.674153304450716473e-01 2.668116419661376582e-01 6.339152667338744385e-01 1.980016449517562893e-01 2.685290780859260762e-01 9.299999096035228840e-02 3.429715982859610213e-01 1.976169157995027459e-01
4.995842119520954028e-01 3.431911053801341427e-01 1.831381512637087206e-01 5.225160619181259403e-01 2.407869189427555845e-01 3.716671848270934886e-01 4.428333642634760814e-01 2.454095993146412913e-01 2.361456957098589660e-01 1.000000000000000000e+00 4.094585251368231815e-01 2.380339215640412676e-01 1.130634829337242020e-01 2.019476018240299042e-01 2.207504070007772490e-01 3.597487419554486476e-01 5.149311524420121522e-01 2.285354235680687740e-01 3.352934894636676044e-01 2.375058667541997681e-01 5.306154724029340519e-01 3.373481098190299066e-01 3.560632914183481379e-01 3.632944701557704326e-01 4.844881240648056253e-01 5.214467382745353596e-01 3.544478379998079465e-01 5.895496360340996000e-01 2.364644270408774729e-01 3.259029529738821096e-01 4.022178245377315275e-01 2.689816340683509610e-01 2.903395399218858253e-01 4.758181288201490666e-01 2.748598017271930982e-01 3.116684173345026787e-01 4.586689155518949845e-01 3.815754364765017725e-01 5.388060453696154051e-01 4.446011451322470776e-01 3.583844292653007857e-01 2.813909408182481142e-01 6.878368872434844628e-01 1.742962875014032187e-01 6.131859020383625403e-01 1.502208817112603567e-01 3.777414934535685553e-01 5.888894501640329349e-01 4.238121292442357801e-01 6.322280921730717429e-01 5.041301557836439518e-01 3.236359306460943053e-01 3.982004280177521838e-01 3.335003621738749091e-01 4.676473663104577239e-01 2.598531459220322359e-01 5.007991416998701650e-01 4.223925036197481719e-01 5.445456395553672779e-01 3.924785779183730949e-01 4.565951646275459574e-01 5.125948353604380392e-01 4.308254753118472280e-01 5.272732164258701060e-01 3.559554258436294361e-01 1.847995223955656852e-01 6.777293076662205262e-01 6.513416054037353131e-01 2.598541110704358781e-01 3.084825544492140748e-01 3.979689041832521479e-01 3.598882471511883341e-01 3.382756719016248859e-01 2.200031853138332272e-01 3.169091618268465860e-01 4.124264067631417952e-01 4.248615637474066897e-01 4.071092976220609949e-01 3.543702488138466555e-01 2.457734183523769267e-01 6.757545420777337775e-01 5.727174204966569565e-02 4.715758405948107246e-01 5.085524310880020771e-01 5.095587532897113414e-01 3.424900216031225852e-01 4.049775698429680104e-01 3.968893771457298048e-01 4.446696851250748761e-01 9.013502268152472074e-02 3.163622570172949233e-01 1.839915622781577720e-01 3.815626205173592300e-01 4.556174582575024945e-01 5.558003285529613535e-01 2.538400271978965006e-01 3.962326848094431808e-01 4.136501192279113948e-01 3.054811563117122986e-01 1.958070361888237521e-01 2.104933281112418009e-01 4.755542701840625441e-01 3.174919184059117883e-01 4.334381067155888556e-01 2.151511049146184740e-01 7.290715415286653789e-01 3.514253892482608332e-01 2.633706958278912436e-01 6.228792608850928225e-01 3.880579328438571451e-01 5.706578306619698449e-01 1.825593077086110350e-01 4.077473177277800565e-01 2.581190108995521371e-01 4.130790154702343453e-01 2.111537047116682775e-01 3.489323721654107313e-01 2.913424644820531428e-01 4.457429497651024253e-01
3.373172486672562642e-01 4.113843462572008836e-01 2.160770590563197147e-01 4.430719452486450161e-01 5.689199800758988346e-01 4.067936815364030512e-01 6.114798083606288737e-01 4.582029963190668576e-01 4.721634952576290178e-01 4.094585251368231815e-01 1.000000000000000000e+00 2.758771274856294253e-01 2.736557647662121173e-01 2.338866560900666469e-01 2.169101568762520360e-01 3.258941565010299302e-01 4.871724421591273058e-01 2.049135600787360678e-01 5.024762476427481195e-01 5.534541582650862601e-01 4.666931485567675231e-01 6.292237770579557354e-01 3.656150120212096066e-01 2.844257799811488741e-01 3.180014019388051061e-01 4.879244056890709169e-01 4.217686942501208125e-01 2.877094316487183168e-01 3.335037916234327993e-01 5.967195054826829326e-01 4.692041647636662760e-01 2.680100084768273216e-01 4.713870440877367951e-01 5.229827373133885127e-01 4.278640902550779335e-01 5.914279591545945625e-01 3.448264842650216599e-01 4.070179488099675003e-01 4.005167551286777927e-01 4.815972929401736713e-01 2.974707040316653117e-01 3.694187644768394674e-01 5.114735387366465824e-01 2.955543986982999694e-01 4.369370025451417838e-01 2.858236829067328233e-01 2.744875568444833380e-01 2.278415026430094525e-01 4.317198442160248839e-01 4.011249068920572092e-01 3.205567628835476190e-01 5.114334712568404662e-01 3.057022363689932964e-01 5.107881225481221144e-01 2.921863926199639305e-01 2.656240674043870431e-01 4.408525176315938321e-01 4.505134891675488529e-01 6.927577543312294361e-01 4.299494095157960216e-01 2.455442362287859892e-01 4.887070173320736677e-01 3.362039829746569231e-01 3.449719582150332364e-01 7.368019661912693641e-01 1.504233500962033343e-01 4.458846365383938304e-01 5.160237120806772104e-01 2.731998105511363462e-01 3.400088115388589238e-01 7.941352359214203238e-01 3.367656554089210053e-01 5.401808028260703942e-01 1.893722906601725542e-01 4.302109508646379532e-01 6.196733681535969707e-01 4.340329505112369701e-01 2.794241166689705458e-01 7.123407806969072054e-01 4.306499718631351392e-01 4.172215126617971337e-01 1.717023273020572838e-01 5.745906277146402008e-01 3.728918085471355504e-01 3.389719535777970805e-01 4.169611351935577082e-01 4.787090747226831478e-01 2.051027733163722777e-01 6.305788733599840823e-01 2.372454465934442092e-01 4.871213638179288097e-01 2.722874572536238547e-01 4.391652805782680358e-01 3.098633399111191400e-01 4.693357876183826272e-01 4.491213485230152180e-01 7.224135357660305123e-01 3.023169402229033964e-01 2.796876755214435795e-01 3.722417949886175359e-01 4.368864084452920293e-01 6.985259533937369092e-01 4.448976241849855739e-01 2.877780802633747581e-01 2.003645412491724676e-01 3.601272419076458897e-01 2.051621495308935950e-01 5.300811938463132478e-01 4.148758845671682294e-01 5.043909715414462980e-01 2.857999901997820835e-01 2.509727937340992532e-01 4.521234264056259167e-01 5.655024680276211635e-01 5.071730550000101978e-01 2.510304717928455998e-01 2.981461086796357574e-01 5.282486687984492280e-01 3.965397109548000065e-01
2.671300775484971579e-01 2.552212287446898875e-01 3.877291984086101428e-01 2.695685670871171835e-01 1.908143617904310696e-01 3.602803201890329432e-01 2.513436729854429119e-01 3.604697458713118086e-01 7.553103224177182273e-02 2.380339215640412676e-01 2.758771274856294253e-01 1.000000000000000000e+00 1.526710446950932110e-01 3.692423648816933746e-01 4.662164302626670143e-01 3.713722604375301883e-01 3.350315608315740934e-01 2.654925567746806991e-01 3.829837240389021846e-01 2.456502061783854551e-01 2.539293071883180763e-01 4.052459426518476571e-01 4.212076191716608298e-01 3.064143870692953020e-01 3.585955305419556982e-01 3.345145569345081560e-01 2.337052416196996329e-01 3.089949507416225316e-01 3.844796124510792001e-01 2.982847371149532911e-01 2.626776452356447966e-01 5.213156727921318678e-01 2.177713337600504229e-01 4.138054658258675800e-01 2.157972600070786062e-01 2.384266335481985133e-01 2.905073354070196179e-01 2.040866959249063584e-01 3.171770169653967408e-01 3.185946229133009844e-01 1.431387461876071354e-01 2.119463372058686124e-01 2.701237705536807532e-01 2.405902124447105717e-01 3.333462810970687640e-01 3.705165280934200056e-01 3.516106528087813432e-01 2.662341374542150363e-01 2.095556119312112775e-01 3.823204251162951040e-01 5.141474969697230613e-01 3.585074172762326428e-01 2.474700950687918899e-01 1.611538853915612246e-01 2.993334111939562892e-01 3.178450507044626727e-01 3.756983244363006902e-01 2.335991849366903517e-01 3.791134127462569836e-01 3.849395616548660359e-01 2.009895837875599889e-01 3.116463306763457286e-01 3.393017174816863046e-01 2.427445603010035258e-01 3.856444163224851951e-01 4.621376163622805677e-01 3.430851290411121579e-01 2.840437457031042001e-01 2.296465361231238012e-01 3.534867145853731740e-01 2.336131041995525848e-01 3.496205499479424494e-01 3.476567878609339024e-01 3.994363737863095287e-01 3.757175925604654965e-01 2.103975721460798476e-01 2.522206178292807355e-01 3.936708689362810043e-01 3.797965349368487287e-01 2.635148895865031538e-01 3.143571952972428196e-01 3.701321979089062797e-01 3.365195444492584675e-01 3.249004709651876488e-01 2.567433933226881959e-01 2.504235457785389807e-01 2.176793530417487355e-01 4.034655646807045470e-01 3.940082926108350869e-01 3.816774138945436823e-01 3.800556304633027072e-01 3.214671443226157499e-01 3.175982057222000998e-01 2.526630620533517058e-01 2.760685975526513403e-01 1.249628180211739131e-01 2.808409959842170789e-01 3.789884997586895343e-01 3.492973121100780287e-01 3.523025833589881195e-01 2.211982072675106603e-01 2.166527193720556299e-01 3.292500011035025542e-01 3.905671491197890144e-01 5.965458254355027190e-01 3.025664288061724050e-01 3.992535731831512447e-01 2.249431486289759363e-01 3.313256780972329563e-01 3.802017142541371242e-01 2.629356637553749709e-01 2.646688154313031061e-01 3.565479182304274186e-01 1.959888575837795410e-01 3.520259847985597323e-01 3.595462411232137612e-01 3.248625228803904141e-01 2.366229152341930986e-01 3.043955616661417340e-01
1.207236217275603346e-01 1.989226145006274260e-01 7.490572960933412905e-02 2.251843390662153499e-01 3.689717501030243541e-01 1.255048833071639169e-01 2.193384037816643595e-01 2.760879314453776323e-01 5.904314126831724518e-01 1.130634829337242020e-01 2.736557647662121173e-01 1.526710446950932110e-01 1.000000000000000000e+00 1.832888586743405546e-01 9.201833857544591821e-02 1.294128138527383676e-01 1.205076548395028757e-01 2.387906630105569028e-01 2.465025564690537518e-01 3.661212485962388463e-01 1.514065439600637275e-01 2.965311131008568357e-01 1.994807084882418424e-01 1.896056509581181548e-01 1.505482051517294806e-01 1.502368722961323344e-01 1.240605187579517654e-01 1.276396619628123175e-01 1.431222066340533672e-01 3.063592622887320038e-01 1.647271981317420253e-01 1.054366610122755288e-01 3.820509524777286892e-01 1.381897260788250981e-01 7.224242330104858889e-02 3.007167586245043656e-01 1.763903818818823299e-01 6.198727857913963885e-02 1.745624362474094138e-01 1.515766049037125807e-01 7.880464901066680516e-02 1.931099559787654851e-01 1.476767204429000613e-01 5.025555567524105927e-01 1.474858281986093367e-01 3.075306250960587739e-01 1.592472895792510501e-01 1.015611083803367454e-01 1.821151752545313585e-01 6.099773871394179037e-02 8.486962012526337584e-02 2.686077655566519451e-01 1.940468238999969453e-01 2.896358484336990502e-01 9.726710196756198357e-02 1.201292540274489090e-01 1.124734414830961676e-01 2.157357426882932638e-01 1.919994868695864276e-01 2.603421033494756065e-01 1.012552845524055944e-01 1.669763017105926062e-01 2.037043773753301201e-01 2.563632824498114915e-01 3.076882387430578958e-01 5.645986848117488105e-02 1.207240889930987909e-01 1.697866507746277065e-01 2.058984811268828319e-01 1.467284228900035958e-01 2.644356022907014547e-01 9.471895563827897879e-02 2.852318400891574735e-01 2.652035826074131131e-01 1.402654882210563336e-01 1.690860590671755537e-01 9.508065111244436152e-02 8.212746740711449056e-02 2.437679236818560136e-01 3.848127875280188404e-01 1.519220219403660532e-01 3.879880367256346441e-01 1.749741911651975790e-01 1.921211350231628590e-01 1.662286201114420991e-01 1.286564572057093403e-01 2.537956510102291618e-01 5.962258922928216631e-02 2.314099513918226880e-01 3.638149113422693981e-01 2.438716840074701131e-01 2.200567410235517163e-01 1.888730741544555891e-01 2.494547402854404017e-01 1.612509634989227059e-01 4.693325512692293477e-01 2.405365594649108152e-01 2.316694960514471269e-01 4.211001612623986590e-02 2.183489078137062778e-01 1.917782199320955394e-01 2.022231900217757727e-01 1.972143661974367634e-01 7.733146663098269813e-02 5.523542611035735239e-03 8.782254528416560957e-02 2.892189516750098832e-02 3.583206611619728088e-01 1.422029065224011124e-01 2.217655646797805635e-01 1.052743258498554380e-01 1.558375661462854112e-01 1.900260389736614375e-01 4.880867858820912009e-01 1.239880246677616954e-01 2.423740401900863484e-01 1.542770480532065225e-01 2.233457068892301112e-01 9.871622144092279116e-02
