1.000000000000000000e+00 6.101373102581904018e-01 6.216442186657828994e-01 6.157742260552303559e-01 5.876246764139217982e-01 5.924374464976487342e-01 6.332655105834261722e-01 6.131802300461894895e-01 4.942215759702138222e-01 6.198613899754606971e-01 7.633045655382876271e-01 6.160919990783459976e-01 6.598798566656333131e-01 7.242153543405785987e-01 6.525647220553274508e-01 5.591361101568843583e-01 4.360602179500566722e-01 7.014793136375356841e-01 4.822015460594225589e-01 6.009050968693551154e-01 7.376493114919147054e-01 6.800184663062615043e-01 6.954159549472209711e-01 5.892340291490402171e-01 6.456618262014366394e-01 3.530105085555475530e-01 7.797540067329564728e-01 5.841266573250687433e-01 5.349127193047200635e-01 5.008907857651234696e-01 5.159565216587388425e-01 6.561226750993044421e-01 5.182752674675528137e-01 3.991769371175077907e-01 5.981076005066149337e-01 5.564899463170729366e-01 5.663651635418309738e-01 4.963102268424158803e-01 5.014498658970232281e-01 5.577030363148863801e-01
6.101373102581904018e-01 1.000000000000000000e+00 6.183983493026269374e-01 4.549228403077660299e-01 6.399614642094177963e-01 4.895769872443709869e-01 5.269846627252373628e-01 7.879601632162216429e-01 3.181504470640696969e-01 6.160680870779020601e-01 6.949308140116801091e-01 6.073600535296638236e-01 3.719873517814270003e-01 5.429818755873735414e-01 6.282372358407759538e-01 5.355047837592248339e-01 4.149732451342416084e-01 6.213424900054025368e-01 4.283061211047189953e-01 5.590304415857475506e-01 6.145175312800654766e-01 8.130210881081468832e-01 8.932960916588784661e-01 2.793046872551538384e-01 6.624577416489775272e-01 1.701690484350402988e-01 5.090698212412179124e-01 6.071371299002426003e-01 8.117040350527290338e-01 5.274042058055696813e-01 5.865035353999088485e-01 8.393801744717513946e-01 3.932395067194252025e-01 3.290550500781243559e-01 5.063907550428704551e-01 5.185892571007929552e-01 5.997975744162069578e-01 4.012803487445592010e-01 6.008013114608917737e-01 6.195799929592106237e-01
6.216442186657828994e-01 6.183983493026269374e-01 1.000000000000000000e+00 4.689613246119765377e-01 5.188058781108579876e-01 3.547321636618019358e-01 4.205173968757207614e-01 5.986947991443005712e-01 3.485911718754373112e-01 5.314736926693091057e-01 6.399985637111832437e-01 5.741678019742592065e-01 3.116068870992497741e-01 5.237384159060982647e-01 7.631856258596257936e-01 3.813351368318825263e-01 4.302433195382644460e-01 4.115635109993360241e-01 4.840247720431407608e-01 5.569298649957129532e-01 5.841427187870518178e-01 5.645433844216847241e-01 6.323318880142863030e-01 4.521819676278733824e-01 5.913232456018200356e-01 1.004313374128983222e-01 4.903957445764237644e-01 8.151217405546542505e-01 5.503423763838610761e-01 5.591751347760851587e-01 7.648527483778465585e-01 6.160655245694779403e-01 3.131444772117902287e-01 1.794416347982515370e-01 5.093335492620228999e-01 5.510112988299327164e-01 5.600221813290469086e-01 4.148066556350682443e-01 5.029321453234751882e-01 6.850517200453571931e-01
6.157742260552303559e-01 4.549228403077660299e-01 4.689613246119765377e-01 1.000000000000000000e+00 5.155301073484104268e-01 6.102474686757310973e-01 6.169701279959693974e-01 5.431020904727827947e-01 4.909700542183180749e-01 5.484567731374290211e-01 5.351513913817641521e-01 5.557560846665309251e-01 4.827221354145595500e-01 4.877888159104404320e-01 4.348830620174825023e-01 5.535683875724652925e-01 5.174254673939318039e-01 6.371687461930100049e-01 5.956339114814245272e-01 6.358427993994514305e-01 6.131243688513240420e-01 5.581016998404255691e-01 5.042164863538066699e-01 4.387942658474980884e-01 5.328275923807800352e-01 2.540890652565589436e-01 7.656135970701144489e-01 4.265106655731358831e-01 4.428589460174404691e-01 5.859729142957863512e-01 4.194431201402856746e-01 5.524644114699819308e-01 6.304481006783320129e-01 3.731514654539569431e-01 5.937477986351017423e-01 6.259489470849245452e-01 5.520110768740732476e-01 5.227115023702784136e-01 4.445047420440578767e-01 4.583898147010241897e-01
5.876246764139217982e-01 6.399614642094177963e-01 5.188058781108579876e-01 5.155301073484104268e-01 1.000000000000000000e+00 5.199213033126968142e-01 6.654012043047161651e-01 6.794115957910615844e-01 4.102661222970471200e-01 6.326450370570325665e-01 6.139725707197033477e-01 8.253595860060428668e-01 4.630035626530683013e-01 5.626356968756982546e-01 5.012980696088374932e-01 6.737243781816758537e-01 6.720905838699821055e-01 6.531766571515688069e-01 6.202679529102705924e-01 5.563611604589885351e-01 5.623670057608773920e-01 7.048437715107296331e-01 6.299423945023202576e-01 3.240976037182939362e-01 6.286952902293905243e-01 1.694801214357225527e-01 5.661788381111105828e-01 4.736784958160507042e-01 5.755467803777440938e-01 4.973050605259007328e-01 4.423887556609784055e-01 6.759138271043799717e-01 4.310028033901296962e-01 3.248960315700311630e-01 5.536257466972280827e-01 4.485631985677157596e-01 6.252448442756280977e-01 3.337605614083967720e-01 5.816456390743280913e-01 4.514220840455077655e-01
5.924374464976487342e-01 4.895769872443709869e-01 3.547321636618019358e-01 6.102474686757310973e-01 5.199213033126968142e-01 1.000000000000000000e+00 6.454809854854621776e-01 4.791013412196760690e-01 4.811782364903883780e-01 4.819942478038966027e-01 5.386560394300091703e-01 5.578214893037487521e-01 6.025143161675373671e-01 4.706925229018606993e-01 3.871483011838540156e-01 6.113189719092353425e-01 4.511767239966147369e-01 7.775394963571432561e-01 5.291812836588674074e-01 5.008609327473999562e-01 5.740935797148440933e-01 5.896771545997306907e-01 5.730633508202288562e-01 2.672684419363731689e-01 4.399848437949180902e-01 3.640174439401760442e-01 7.907650272960532467e-01 3.473619437983204161e-01 4.456061924354302040e-01 4.155667130136921350e-01 2.971162090722563320e-01 5.056258858485443985e-01 8.150371190109617636e-01 5.979084232899191109e-01 4.480620195448722920e-01 4.164341721157107101e-01 4.385052393193249465e-01 4.617179054531581062e-01 4.053924645308533137e-01 3.704202352712936408e-01
6.332655105834261722e-01 5.269846627252373628e-01 4.205173968757207614e-01 6.169701279959693974e-01 6.654012043047161651e-01 6.454809854854621776e-01 1.000000000000000000e+00 5.992244231395056353e-01 4.437374050649525170e-01 6.975422450867663215e-01 5.819527789557219499e-01 6.151552162393809642e-01 5.613416418781966843e-01 5.609459046315860009e-01 4.558199904790249946e-01 8.078447980836727105e-01 4.826835157307068358e-01 7.825549446900934569e-01 5.402551217876161438e-01 6.015057805626875531e-01 5.179838482030415525e-01 6.217117180354194694e-01 5.804217470280402802e-01 3.371194690510367908e-01 5.349853902806528394e-01 2.748185746620906422e-01 6.616916980292171235e-01 4.007267471714879847e-01 4.668642001086653615e-01 4.947501535330011690e-01 3.512349396358750431e-01 5.647524666173708852e-01 5.291662891492761034e-01 4.759428607067059391e-01 6.564721267583085718e-01 4.880413176793901298e-01 5.422561433035901768e-01 2.985547837093531220e-01 5.016351228774235116e-01 4.022383813344058701e-01
6.131802300461894895e-01 7.879601632162216429e-01 5.986947991443005712e-01 5.431020904727827947e-01 6.794115957910615844e-01 4.791013412196760690e-01 5.992244231395056353e-01 1.000000000000000000e+00 4.047081936453016393e-01 7.601337300725394819e-01 7.366943959487413096e-01 6.520928824253243716e-01 3.858848310582423946e-01 6.141324156377876431e-01 5.849725980027112859e-01 5.909946519475547388e-01 4.914431369073845035e-01 6.102173617056029231e-01 4.641832295114827200e-01 6.838364282899062063e-01 5.456733897323330362e-01 7.005877079586453338e-01 7.538704707626696644e-01 3.133439041055990359e-01 7.591063323950240083e-01 1.602368719549015219e-01 5.064281184517660517e-01 5.613944326805698770e-01 6.779274879800004650e-01 6.178900497621142573e-01 6.066212005491875559e-01 8.248180474030724074e-01 4.042525811406719738e-01 3.093134903577969830e-01 6.798750449153103670e-01 5.967380958093783105e-01 7.566237521873152572e-01 3.359486619224636428e-01 6.850640613487218866e-01 5.932226381772103263e-01
4.942215759702138222e-01 3.181504470640696969e-01 3.485911718754373112e-01 4.909700542183180749e-01 4.102661222970471200e-01 4.811782364903883780e-01 4.437374050649525170e-01 4.047081936453016393e-01 1.000000000000000000e+00 4.015599435859859012e-01 4.416401673775571801e-01 4.140039927598288538e-01 4.567250508357647565e-01 4.276302345645792702e-01 3.006599130549348908e-01 4.203476980465838952e-01 3.593969399626349981e-01 4.378917570953219651e-01 3.690498602492131575e-01 4.446332905313931660e-01 3.929790752695175304e-01 3.642825508293348058e-01 3.426381749771205687e-01 4.145939722584892628e-01 4.348632146917751351e-01 2.656134492964581373e-01 5.370640661780005098e-01 2.943306255629591361e-01 2.618896178128353736e-01 4.022184265044519424e-01 3.218836266046751771e-01 4.018163090703583129e-01 4.660865789558481520e-01 3.414619456187456548e-01 4.771341571429247308e-01 3.654816506287986710e-01 4.097579430562401370e-01 2.819481190511820556e-01 3.635499325590076380e-01 2.856543703574259130e-01
6.198613899754606971e-01 6.160680870779020601e-01 5.314736926693091057e-01 5.484567731374290211e-01 6.326450370570325665e-01 4.819942478038966027e-01 6.975422450867663215e-01 7.601337300725394819e-01 4.015599435859859012e-01 1.000000000000000000e+00 7.126162297699986103e-01 5.750032781203958665e-01 4.949826690999939993e-01 6.806729277258009025e-01 5.569367598596709490e-01 6.469987046211035375e-01 4.206189831800692391e-01 6.075418874116361723e-01 4.556266870064266117e-01 7.153557155403315049e-01 5.151132409046502714e-01 5.878927748182409818e-01 6.554799253276347715e-01 3.470869759671896260e-01 6.887767959909822935e-01 1.985495695076890388e-01 5.206842420055209919e-01 5.123518379885956264e-01 5.394873421534868152e-01 6.136873043772793634e-01 5.174040395407873971e-01 6.766622754725729605e-01 4.052181756572348359e-01 3.471610956824651706e-01 7.911705573830550842e-01 5.777947759066744959e-01 6.866717116863588766e-01 2.963247450397842320e-01 6.122760488742501339e-01 5.143590699085233142e-01
7.633045655382876271e-01 6.949308140116801091e-01 6.399985637111832437e-01 5.351513913817641521e-01 6.139725707197033477e-01 5.386560394300091703e-01 5.819527789557219499e-01 7.366943959487413096e-01 4.416401673775571801e-01 7.126162297699986103e-01 1.000000000000000000e+00 6.226011659464784076e-01 5.232903923320232353e-01 8.045284228434446128e-01 6.781651560175412374e-01 5.552575321337724912e-01 4.355475385429711799e-01 6.156841251585545294e-01 4.773326363911508108e-01 6.889104183482452903e-01 6.673545012680002220e-01 6.591540276564193945e-01 7.720400061514066659e-01 4.350556084643795174e-01 8.030365230426452783e-01 2.324883080993647155e-01 6.044523074484194902e-01 6.463275734182467591e-01 6.002692305020844721e-01 6.175681976983540267e-01 6.043161764236288924e-01 7.590654655979000021e-01 4.625531060289025387e-01 3.456267245979633418e-01 6.437415207592158684e-01 5.636968250046742179e-01 7.054202255882968675e-01 4.552793707275263335e-01 6.735770050503748774e-01 5.893177837517962203e-01
6.160919990783459976e-01 6.073600535296638236e-01 5.741678019742592065e-01 5.557560846665309251e-01 8.253595860060428668e-01 5.578214893037487521e-01 6.151552162393809642e-01 6.520928824253243716e-01 4.140039927598288538e-01 5.750032781203958665e-01 6.226011659464784076e-01 1.000000000000000000e+00 4.520007007702270818e-01 5.559226175922178381e-01 5.307046477130917816e-01 6.020493381787788145e-01 7.338414982350159876e-01 6.494254973686345300e-01 7.303387731980364173e-01 5.566791575494862698e-01 6.192411996577732447e-01 6.721560172798395350e-01 6.224002121028507917e-01 3.502288527000650964e-01 6.093819786297547392e-01 1.821602912073222447e-01 6.394232112096452925e-01 5.098746880699442929e-01 5.443388368085217976e-01 4.844078266368757046e-01 4.602280726124918231e-01 6.558597481739023571e-01 4.841927635901571714e-01 3.393695852564985738e-01 4.999014735909990681e-01 4.690026770355815722e-01 6.051859443499970626e-01 4.373171251561102091e-01 5.636084994698143946e-01 5.289704693810050040e-01
6.598798566656333131e-01 3.719873517814270003e-01 3.116068870992497741e-01 4.827221354145595500e-01 4.630035626530683013e-01 6.025143161675373671e-01 5.613416418781966843e-01 3.858848310582423946e-01 4.567250508357647565e-01 4.949826690999939993e-01 5.232903923320232353e-01 4.520007007702270818e-01 1.000000000000000000e+00 6.147189694505711399e-01 3.357271993451284020e-01 5.192470485706859318e-01 3.090712829547616058e-01 6.220117566054007563e-01 3.911722616012384690e-01 4.359640032590623715e-01 5.133493769978247911e-01 4.721843400078373776e-01 4.594691113051251885e-01 4.128669195963138305e-01 4.122052120400740427e-01 4.445664909455585567e-01 6.326480712019176833e-01 2.746108363449495937e-01 3.411428333945022429e-01 3.146403366096299781e-01 2.147457571243703012e-01 4.179457186706770355e-01 5.403044250710418162e-01 4.979118216053139978e-01 4.464652312562618630e-01 3.431962477560183133e-01 3.711856747413774249e-01 3.545169605439065785e-01 3.021019785155206194e-01 3.033499742765613516e-01
7.242153543405785987e-01 5.429818755873735414e-01 5.237384159060982647e-01 4.877888159104404320e-01 5.626356968756982546e-01 4.706925229018606993e-01 5.609459046315860009e-01 6.141324156377876431e-01 4.276302345645792702e-01 6.806729277258009025e-01 8.045284228434446128e-01 5.559226175922178381e-01 6.147189694505711399e-01 1.000000000000000000e+00 5.514583014936795813e-01 5.474524236787260412e-01 3.710257037195700547e-01 5.631773088548153172e-01 4.428200958917590802e-01 5.899254222524250579e-01 5.921744575865445226e-01 5.563079115137687936e-01 6.048597330578407982e-01 4.517380876853957505e-01 7.249496865548740177e-01 2.561557713319959073e-01 5.685231150524576726e-01 5.354512248283075371e-01 4.623192937984595963e-01 4.837729417430010614e-01 4.853269432577980713e-01 6.268138603344655113e-01 4.007315210085436452e-01 3.099267311531034852e-01 6.055329062412541097e-01 4.755401920186728137e-01 5.893727767756757885e-01 3.937580824578084115e-01 5.790835784783423534e-01 4.879555467029212945e-01
6.525647220553274508e-01 6.282372358407759538e-01 7.631856258596257936e-01 4.348830620174825023e-01 5.012980696088374932e-01 3.871483011838540156e-01 4.558199904790249946e-01 5.849725980027112859e-01 3.006599130549348908e-01 5.569367598596709490e-01 6.781651560175412374e-01 5.307046477130917816e-01 3.357271993451284020e-01 5.514583014936795813e-01 1.000000000000000000e+00 4.357892141496946259e-01 3.624583792488765277e-01 4.585394512918501975e-01 4.115941586346963943e-01 5.779581811150495962e-01 6.509590755810792384e-01 5.916110482477463517e-01 7.092594244546451820e-01 4.070696955119414429e-01 5.958504103033640531e-01 1.273904197144233030e-01 4.815689619441615443e-01 8.778352657144030680e-01 5.630867974418688471e-01 5.624770388612472249e-01 7.355964745484681044e-01 6.217033696488769579e-01 3.272367514237498054e-01 2.419443860008167468e-01 5.191030491925502366e-01 5.632995849106712249e-01 5.766300600344445026e-01 4.390388392743385104e-01 5.321939926394667619e-01 7.078192842877838453e-01
5.591361101568843583e-01 5.355047837592248339e-01 3.813351368318825263e-01 5.535683875724652925e-01 6.737243781816758537e-01 6.113189719092353425e-01 8.078447980836727105e-01 5.909946519475547388e-01 4.203476980465838952e-01 6.469987046211035375e-01 5.552575321337724912e-01 6.020493381787788145e-01 5.192470485706859318e-01 5.474524236787260412e-01 4.357892141496946259e-01 1.000000000000000000e+00 4.430877864394984211e-01 7.334630077672588122e-01 4.671743423396935713e-01 5.457512048511121705e-01 4.683273357282885518e-01 6.252081083759516433e-01 5.635395223147083854e-01 2.636317446694348976e-01 5.304890897488240276e-01 2.411061579774106955e-01 5.785861497673399079e-01 3.903635879032145706e-01 4.835584597264998008e-01 4.583952340456559083e-01 3.474298025248355737e-01 5.698588303902069052e-01 4.918745413261055299e-01 4.505097826918459947e-01 5.899285531100578739e-01 4.490740735440460485e-01 5.217813490167230173e-01 2.554981317803532992e-01 4.890589703978294178e-01 3.833057689098134935e-01
4.360602179500566722e-01 4.149732451342416084e-01 4.302433195382644460e-01 5.174254673939318039e-01 6.720905838699821055e-01 4.511767239966147369e-01 4.826835157307068358e-01 4.914431369073845035e-01 3.593969399626349981e-01 4.206189831800692391e-01 4.355475385429711799e-01 7.338414982350159876e-01 3.090712829547616058e-01 3.710257037195700547e-01 3.624583792488765277e-01 4.430877864394984211e-01 1.000000000000000000e+00 4.515511077535025453e-01 7.359864725122073903e-01 4.572373118699363803e-01 4.723348529428903486e-01 4.581811503457973167e-01 4.194506285978046312e-01 2.740921532384518189e-01 4.549863044001187795e-01 1.238904320159753825e-01 5.453793315479517068e-01 3.643796774475482891e-01 3.552268881623199537e-01 4.411634703552144154e-01 3.368316061430566277e-01 4.831438899584706848e-01 4.441023509157782656e-01 2.382025083464588688e-01 4.129996926106748178e-01 4.096900158190143748e-01 4.964711402127959250e-01 3.796474412890937233e-01 4.445981448959039906e-01 3.782602058719963800e-01
7.014793136375356841e-01 6.213424900054025368e-01 4.115635109993360241e-01 6.371687461930100049e-01 6.531766571515688069e-01 7.775394963571432561e-01 7.825549446900934569e-01 6.102173617056029231e-01 4.378917570953219651e-01 6.075418874116361723e-01 6.156841251585545294e-01 6.494254973686345300e-01 6.220117566054007563e-01 5.631773088548153172e-01 4.585394512918501975e-01 7.334630077672588122e-01 4.515511077535025453e-01 1.000000000000000000e+00 5.161074302699549810e-01 5.478976255844022480e-01 6.392427654783459090e-01 7.829880142547623878e-01 6.948848188528092829e-01 2.747206208795819893e-01 5.204579807523765922e-01 3.462232904788358212e-01 7.790339245866215734e-01 4.016002492425039816e-01 5.820895903585072695e-01 4.603615630322087648e-01 3.452198864988857974e-01 6.278760455964856879e-01 6.641697748544618252e-01 5.482974956984540960e-01 5.265128104505487627e-01 4.936978571388116466e-01 5.214811608305179869e-01 4.301636696563254092e-01 4.780099250622329987e-01 4.153715475694848003e-01
4.822015460594225589e-01 4.283061211047189953e-01 4.840247720431407608e-01 5.956339114814245272e-01 6.202679529102705924e-01 5.291812836588674074e-01 5.402551217876161438e-01 4.641832295114827200e-01 3.690498602492131575e-01 4.556266870064266117e-01 4.773326363911508108e-01 7.303387731980364173e-01 3.911722616012384690e-01 4.428200958917590802e-01 4.115941586346963943e-01 4.671743423396935713e-01 7.359864725122073903e-01 5.161074302699549810e-01 1.000000000000000000e+00 5.271356243884900428e-01 5.449631072335623383e-01 4.611072028347795171e-01 4.564513471514634046e-01 3.354401842468688333e-01 4.707630551167683031e-01 1.621937390553960801e-01 6.399982832823210011e-01 4.128042634107733644e-01 3.579682652695478362e-01 4.385959856473001239e-01 3.730564878365055237e-01 4.720458447257038226e-01 4.929865918138046643e-01 2.852339095549317194e-01 4.313397895114671754e-01 4.291855801210200938e-01 4.932958302349997326e-01 4.624858846823557967e-01 4.696560490908339158e-01 4.854188252355738920e-01
6.009050968693551154e-01 5.590304415857475506e-01 5.569298649957129532e-01 6.358427993994514305e-01 5.563611604589885351e-01 5.008609327473999562e-01 6.015057805626875531e-01 6.838364282899062063e-01 4.446332905313931660e-01 7.153557155403315049e-01 6.889104183482452903e-01 5.566791575494862698e-01 4.359640032590623715e-01 5.899254222524250579e-01 5.779581811150495962e-01 5.457512048511121705e-01 4.572373118699363803e-01 5.478976255844022480e-01 5.271356243884900428e-01 1.000000000000000000e+00 5.923171071523224418e-01 5.476008677446635442e-01 6.123967846117978064e-01 4.385602607040374190e-01 6.588474513743786121e-01 2.137685228401886017e-01 5.743638490258985430e-01 5.298091183442130703e-01 4.878283272191509812e-01 7.819406714533436720e-01 5.599803622128036729e-01 6.072946211654504101e-01 4.580861370201227412e-01 3.521227400844387234e-01 7.423472588575837916e-01 6.984760504135525405e-01 7.213717050151285948e-01 4.263278249480176862e-01 5.842578186584675981e-01 5.966989577822500168e-01
7.376493114919147054e-01 6.145175312800654766e-01 5.841427187870518178e-01 6.131243688513240420e-01 5.623670057608773920e-01 5.740935797148440933e-01 5.179838482030415525e-01 5.456733897323330362e-01 3.929790752695175304e-01 5.151132409046502714e-01 6.673545012680002220e-01 6.192411996577732447e-01 5.133493769978247911e-01 5.921744575865445226e-01 6.509590755810792384e-01 4.683273357282885518e-01 4.723348529428903486e-01 6.392427654783459090e-01 5.449631072335623383e-01 5.923171071523224418e-01 1.000000000000000000e+00 7.032157765307387454e-01 7.314180127545505394e-01 4.678970570320320488e-01 5.905986397979822167e-01 2.381561562952332067e-01 7.279451375919353540e-01 5.845120345745277168e-01 5.766285972977609475e-01 5.507456636433567532e-01 4.925484989011809644e-01 6.114958797392237022e-01 6.028585145050575633e-01 3.614303345133446643e-01 4.783650666963723541e-01 5.948211894106689712e-01 5.418202642421351412e-01 8.302251114735642590e-01 4.968578654353889568e-01 5.817228035394477192e-01
6.800184663062615043e-01 8.130210881081468832e-01 5.645433844216847241e-01 5.581016998404255691e-01 7.048437715107296331e-01 5.896771545997306907e-01 6.217117180354194694e-01 7.005877079586453338e-01 3.642825508293348058e-01 5.878927748182409818e-01 6.591540276564193945e-01 6.721560172798395350e-01 4.721843400078373776e-01 5.563079115137687936e-01 5.916110482477463517e-01 6.252081083759516433e-01 4.581811503457973167e-01 7.829880142547623878e-01 4.611072028347795171e-01 5.476008677446635442e-01 7.032157765307387454e-01 1.000000000000000000e+00 7.948299647675028945e-01 3.237964237061013995e-01 5.900061669977250123e-01 2.289281289455073198e-01 6.114281919794084530e-01 5.555273110492567890e-01 8.150465612615346300e-01 5.145888999312053791e-01 4.873713947287627857e-01 7.348268631149954544e-01 4.811107541523547138e-01 3.939277757294454840e-01 5.059864166015126674e-01 5.383100281933578257e-01 5.785548304945529186e-01 4.778120267673193755e-01 5.161108106511477223e-01 5.255725820276351268e-01
6.954159549472209711e-01 8.932960916588784661e-01 6.323318880142863030e-01 5.042164863538066699e-01 6.299423945023202576e-01 5.730633508202288562e-01 5.804217470280402802e-01 7.538704707626696644e-01 3.426381749771205687e-01 6.554799253276347715e-01 7.720400061514066659e-01 6.224002121028507917e-01 4.594691113051251885e-01 6.048597330578407982e-01 7.092594244546451820e-01 5.635395223147083854e-01 4.194506285978046312e-01 6.948848188528092829e-01 4.564513471514634046e-01 6.123967846117978064e-01 7.314180127545505394e-01 7.948299647675028945e-01 1.000000000000000000e+00 3.095595542614769102e-01 6.793388011228205237e-01 2.239432215121189562e-01 6.074220524861918546e-01 6.456391405582512233e-01 7.642204560391452350e-01 5.635535276464270771e-01 6.027732818120593583e-01 8.276830655377652723e-01 4.913946001292665011e-01 3.951236266310634293e-01 5.470766824723305444e-01 5.681786494685864275e-01 6.298343253538876141e-01 4.991125040929839107e-01 6.143009053043573253e-01 6.615490488401892799e-01
5.892340291490402171e-01 2.793046872551538384e-01 4.521819676278733824e-01 4.387942658474980884e-01 3.240976037182939362e-01 2.672684419363731689e-01 3.371194690510367908e-01 3.133439041055990359e-01 4.145939722584892628e-01 3.470869759671896260e-01 4.350556084643795174e-01 3.502288527000650964e-01 4.128669195963138305e-01 4.517380876853957505e-01 4.070696955119414429e-01 2.636317446694348976e-01 2.740921532384518189e-01 2.747206208795819893e-01 3.354401842468688333e-01 4.385602607040374190e-01 4.678970570320320488e-01 3.237964237061013995e-01 3.095595542614769102e-01 1.000000000000000000e+00 3.872907972822670075e-01 1.922093660978640706e-01 4.476015130252967711e-01 4.173264884536521113e-01 2.213346884246251145e-01 3.423379967107056387e-01 3.381847807274839801e-01 3.070991244328790670e-01 2.404152837329298076e-01 1.418659447620007341e-01 4.629855195314013239e-01 3.642825699462892697e-01 3.472370472121181217e-01 3.082543300053429136e-01 2.942833781066362397e-01 3.692970153510403142e-01
6.456618262014366394e-01 6.624577416489775272e-01 5.913232456018200356e-01 5.328275923807800352e-01 6.286952902293905243e-01 4.399848437949180902e-01 5.349853902806528394e-01 7.591063323950240083e-01 4.348632146917751351e-01 6.887767959909822935e-01 8.030365230426452783e-01 6.093819786297547392e-01 4.122052120400740427e-01 7.249496865548740177e-01 5.958504103033640531e-01 5.304890897488240276e-01 4.549863044001187795e-01 5.204579807523765922e-01 4.707630551167683031e-01 6.588474513743786121e-01 5.905986397979822167e-01 5.900061669977250123e-01 6.793388011228205237e-01 3.872907972822670075e-01 1.000000000000000000e+00 1.786645289689395011e-01 5.302991290640882704e-01 5.811942642394762881e-01 5.401568344507849950e-01 6.103702334424980780e-01 5.949762763239919705e-01 7.665869443219855972e-01 4.216862879263602037e-01 2.863278543363252937e-01 6.403667461831820118e-01 5.236378125087547408e-01 7.239272263045415379e-01 4.100779893891792205e-01 7.795846412017587435e-01 5.470289877139277168e-01
3.530105085555475530e-01 1.701690484350402988e-01 1.004313374128983222e-01 2.540890652565589436e-01 1.694801214357225527e-01 3.640174439401760442e-01 2.748185746620906422e-01 1.602368719549015219e-01 2.656134492964581373e-01 1.985495695076890388e-01 2.324883080993647155e-01 1.821602912073222447e-01 4.445664909455585567e-01 2.561557713319959073e-01 1.273904197144233030e-01 2.411061579774106955e-01 1.238904320159753825e-01 3.462232904788358212e-01 1.621937390553960801e-01 2.137685228401886017e-01 2.381561562952332067e-01 2.289281289455073198e-01 2.239432215121189562e-01 1.922093660978640706e-01 1.786645289689395011e-01 1.000000000000000000e+00 3.609914494983583189e-01 9.125066731787993823e-02 1.387191191205149055e-01 1.492789673414372520e-01 7.444381412779463303e-02 2.056210648834567722e-01 3.304754076937934659e-01 3.273255642554289691e-01 1.883461523422761408e-01 1.242631755129042226e-01 1.572143487117221572e-01 1.699092743121962124e-01 1.436800936910968829e-01 1.606445862238471411e-01
7.797540067329564728e-01 5.090698212412179124e-01 4.903957445764237644e-01 7.656135970701144489e-01 5.661788381111105828e-01 7.907650272960532467e-01 6.616916980292171235e-01 5.064281184517660517e-01 5.370640661780005098e-01 5.206842420055209919e-01 6.044523074484194902e-01 6.394232112096452925e-01 6.326480712019176833e-01 5.685231150524576726e-01 4.815689619441615443e-01 5.785861497673399079e-01 5.453793315479517068e-01 7.790339245866215734e-01 6.399982832823210011e-01 5.743638490258985430e-01 7.279451375919353540e-01 6.114281919794084530e-01 6.074220524861918546e-01 4.476015130252967711e-01 5.302991290640882704e-01 3.609914494983583189e-01 1.000000000000000000e+00 4.368407038239546236e-01 4.326869125077779099e-01 4.862781493354081386e-01 3.952584106322275526e-01 5.646334338431909794e-01 7.917247674996051865e-01 5.044144378566838283e-01 5.220161761165771352e-01 5.401119203607546160e-01 5.076646360525873813e-01 6.079195860391712891e-01 4.629355836974965444e-01 4.641749187192031889e-01
5.841266573250687433e-01 6.071371299002426003e-01 8.151217405546542505e-01 4.265106655731358831e-01 4.736784958160507042e-01 3.473619437983204161e-01 4.007267471714879847e-01 5.613944326805698770e-01 2.943306255629591361e-01 5.123518379885956264e-01 6.463275734182467591e-01 5.098746880699442929e-01 2.746108363449495937e-01 5.354512248283075371e-01 8.778352657144030680e-01 3.903635879032145706e-01 3.643796774475482891e-01 4.016002492425039816e-01 4.128042634107733644e-01 5.298091183442130703e-01 5.845120345745277168e-01 5.555273110492567890e-01 6.456391405582512233e-01 4.173264884536521113e-01 5.811942642394762881e-01 9.125066731787993823e-02 4.368407038239546236e-01 1.000000000000000000e+00 5.464024837424977799e-01 5.391383104510260038e-01 7.754230439654636875e-01 6.036651714478390440e-01 2.802902368250261289e-01 1.775084837557509565e-01 4.873324369715739679e-01 5.146301258917427290e-01 5.343794361114051483e-01 3.997206722002222268e-01 5.089996664606261101e-01 6.892929846953131934e-01
5.349127193047200635e-01 8.117040350527290338e-01 5.503423763838610761e-01 4.428589460174404691e-01 5.755467803777440938e-01 4.456061924354302040e-01 4.668642001086653615e-01 6.779274879800004650e-01 2.618896178128353736e-01 5.394873421534868152e-01 6.002692305020844721e-01 5.443388368085217976e-01 3.411428333945022429e-01 4.623192937984595963e-01 5.630867974418688471e-01 4.835584597264998008e-01 3.552268881623199537e-01 5.820895903585072695e-01 3.579682652695478362e-01 4.878283272191509812e-01 5.766285972977609475e-01 8.150465612615346300e-01 7.642204560391452350e-01 2.213346884246251145e-01 5.401568344507849950e-01 1.387191191205149055e-01 4.326869125077779099e-01 5.464024837424977799e-01 1.000000000000000000e+00 4.822460605500755726e-01 5.042936599733702785e-01 7.083493694883264968e-01 3.444242126752526389e-01 2.976360966300681254e-01 4.411054115363745032e-01 5.059835944547419473e-01 5.289499826717501962e-01 3.949367470893630494e-01 4.759077795565030411e-01 5.309713970100423674e-01
5.008907857651234696e-01 5.274042058055696813e-01 5.591751347760851587e-01 5.859729142957863512e-01 4.973050605259007328e-01 4.155667130136921350e-01 4.947501535330011690e-01 6.178900497621142573e-01 4.022184265044519424e-01 6.136873043772793634e-01 6.175681976983540267e-01 4.844078266368757046e-01 3.146403366096299781e-01 4.837729417430010614e-01 5.624770388612472249e-01 4.583952340456559083e-01 4.411634703552144154e-01 4.603615630322087648e-01 4.385959856473001239e-01 7.819406714533436720e-01 5.507456636433567532e-01 5.145888999312053791e-01 5.635535276464270771e-01 3.423379967107056387e-01 6.103702334424980780e-01 1.492789673414372520e-01 4.862781493354081386e-01 5.391383104510260038e-01 4.822460605500755726e-01 1.000000000000000000e+00 5.861580659871858945e-01 5.761300247994398660e-01 4.146933238716344894e-01 2.521906108735564866e-01 6.538124681171746388e-01 7.212837950303416790e-01 6.723519015039685076e-01 4.267223126327082117e-01 5.285915731670595141e-01 5.165203444260519916e-01
5.159565216587388425e-01 5.865035353999088485e-01 7.648527483778465585e-01 4.194431201402856746e-01 4.423887556609784055e-01 2.971162090722563320e-01 3.512349396358750431e-01 6.066212005491875559e-01 3.218836266046751771e-01 5.174040395407873971e-01 6.043161764236288924e-01 4.602280726124918231e-01 2.147457571243703012e-01 4.853269432577980713e-01 7.355964745484681044e-01 3.474298025248355737e-01 3.368316061430566277e-01 3.452198864988857974e-01 3.730564878365055237e-01 5.599803622128036729e-01 4.925484989011809644e-01 4.873713947287627857e-01 6.027732818120593583e-01 3.381847807274839801e-01 5.949762763239919705e-01 7.444381412779463303e-02 3.952584106322275526e-01 7.754230439654636875e-01 5.042936599733702785e-01 5.861580659871858945e-01 1.000000000000000000e+00 6.097038875376604716e-01 2.672237993681796375e-01 1.605892241009559962e-01 5.111697459202888538e-01 5.514426072925008304e-01 5.791126266005923728e-01 3.452428331897738900e-01 5.125030631399851710e-01 7.383973429502733721e-01
6.561226750993044421e-01 8.393801744717513946e-01 6.160655245694779403e-01 5.524644114699819308e-01 6.759138271043799717e-01 5.056258858485443985e-01 5.647524666173708852e-01 8.248180474030724074e-01 4.018163090703583129e-01 6.766622754725729605e-01 7.590654655979000021e-01 6.558597481739023571e-01 4.179457186706770355e-01 6.268138603344655113e-01 6.217033696488769579e-01 5.698588303902069052e-01 4.831438899584706848e-01 6.278760455964856879e-01 4.720458447257038226e-01 6.072946211654504101e-01 6.114958797392237022e-01 7.348268631149954544e-01 8.276830655377652723e-01 3.070991244328790670e-01 7.665869443219855972e-01 2.056210648834567722e-01 5.646334338431909794e-01 6.036651714478390440e-01 7.083493694883264968e-01 5.761300247994398660e-01 6.097038875376604716e-01 1.000000000000000000e+00 4.623030331201622434e-01 3.336422778531549227e-01 5.735984856838344248e-01 5.495094964513060898e-01 7.009729257791406098e-01 4.055502249788128233e-01 6.733541714851537519e-01 5.987433884875494883e-01
5.182752674675528137e-01 3.932395067194252025e-01 3.131444772117902287e-01 6.304481006783320129e-01 4.310028033901296962e-01 8.150371190109617636e-01 5.291662891492761034e-01 4.042525811406719738e-01 4.660865789558481520e-01 4.052181756572348359e-01 4.625531060289025387e-01 4.841927635901571714e-01 5.403044250710418162e-01 4.007315210085436452e-01 3.272367514237498054e-01 4.918745413261055299e-01 4.441023509157782656e-01 6.641697748544618252e-01 4.929865918138046643e-01 4.580861370201227412e-01 6.028585145050575633e-01 4.811107541523547138e-01 4.913946001292665011e-01 2.404152837329298076e-01 4.216862879263602037e-01 3.304754076937934659e-01 7.917247674996051865e-01 2.802902368250261289e-01 3.444242126752526389e-01 4.146933238716344894e-01 2.672237993681796375e-01 4.623030331201622434e-01 1.000000000000000000e+00 5.371047463584769366e-01 3.948341210955818581e-01 4.055177274903728479e-01 4.085255289634514009e-01 5.760865517800156654e-01 3.799817191273227035e-01 3.116298560753423819e-01
3.991769371175077907e-01 3.290550500781243559e-01 1.794416347982515370e-01 3.731514654539569431e-01 3.248960315700311630e-01 5.979084232899191109e-01 4.759428607067059391e-01 3.093134903577969830e-01 3.414619456187456548e-01 3.471610956824651706e-01 3.456267245979633418e-01 3.393695852564985738e-01 4.979118216053139978e-01 3.099267311531034852e-01 2.419443860008167468e-01 4.505097826918459947e-01 2.382025083464588688e-01 5.482974956984540960e-01 2.852339095549317194e-01 3.521227400844387234e-01 3.614303345133446643e-01 3.939277757294454840e-01 3.951236266310634293e-01 1.418659447620007341e-01 2.863278543363252937e-01 3.273255642554289691e-01 5.044144378566838283e-01 1.775084837557509565e-01 2.976360966300681254e-01 2.521906108735564866e-01 1.605892241009559962e-01 3.336422778531549227e-01 5.371047463584769366e-01 1.000000000000000000e+00 2.938591984773072374e-01 2.701332589982463062e-01 2.765776980346476011e-01 2.866886835413231527e-01 2.640658153856231816e-01 2.507689843251591499e-01
5.981076005066149337e-01 5.063907550428704551e-01 5.093335492620228999e-01 5.937477986351017423e-01 5.536257466972280827e-01 4.480620195448722920e-01 6.564721267583085718e-01 6.798750449153103670e-01 4.771341571429247308e-01 7.911705573830550842e-01 6.437415207592158684e-01 4.999014735909990681e-01 4.464652312562618630e-01 6.055329062412541097e-01 5.191030491925502366e-01 5.899285531100578739e-01 4.129996926106748178e-01 5.265128104505487627e-01 4.313397895114671754e-01 7.423472588575837916e-01 4.783650666963723541e-01 5.059864166015126674e-01 5.470766824723305444e-01 4.629855195314013239e-01 6.403667461831820118e-01 1.883461523422761408e-01 5.220161761165771352e-01 4.873324369715739679e-01 4.411054115363745032e-01 6.538124681171746388e-01 5.111697459202888538e-01 5.735984856838344248e-01 3.948341210955818581e-01 2.938591984773072374e-01 1.000000000000000000e+00 5.955866947187008487e-01 6.752749838244668235e-01 2.842122954359473930e-01 5.562209021950529353e-01 4.706791667589246830e-01
5.564899463170729366e-01 5.185892571007929552e-01 5.510112988299327164e-01 6.259489470849245452e-01 4.485631985677157596e-01 4.164341721157107101e-01 4.880413176793901298e-01 5.967380958093783105e-01 3.654816506287986710e-01 5.777947759066744959e-01 5.636968250046742179e-01 4.690026770355815722e-01 3.431962477560183133e-01 4.755401920186728137e-01 5.632995849106712249e-01 4.490740735440460485e-01 4.096900158190143748e-01 4.936978571388116466e-01 4.291855801210200938e-01 6.984760504135525405e-01 5.948211894106689712e-01 5.383100281933578257e-01 5.681786494685864275e-01 3.642825699462892697e-01 5.236378125087547408e-01 1.242631755129042226e-01 5.401119203607546160e-01 5.146301258917427290e-01 5.059835944547419473e-01 7.212837950303416790e-01 5.514426072925008304e-01 5.495094964513060898e-01 4.055177274903728479e-01 2.701332589982463062e-01 5.955866947187008487e-01 1.000000000000000000e+00 5.913552921101471460e-01 4.768009343979535686e-01 4.548416362583231898e-01 5.597250971695243438e-01
5.663651635418309738e-01 5.997975744162069578e-01 5.600221813290469086e-01 5.520110768740732476e-01 6.252448442756280977e-01 4.385052393193249465e-01 5.422561433035901768e-01 7.566237521873152572e-01 4.097579430562401370e-01 6.866717116863588766e-01 7.054202255882968675e-01 6.051859443499970626e-01 3.711856747413774249e-01 5.893727767756757885e-01 5.766300600344445026e-01 5.217813490167230173e-01 4.964711402127959250e-01 5.214811608305179869e-01 4.932958302349997326e-01 7.213717050151285948e-01 5.418202642421351412e-01 5.785548304945529186e-01 6.298343253538876141e-01 3.472370472121181217e-01 7.239272263045415379e-01 1.572143487117221572e-01 5.076646360525873813e-01 5.343794361114051483e-01 5.289499826717501962e-01 6.723519015039685076e-01 5.791126266005923728e-01 7.009729257791406098e-01 4.085255289634514009e-01 2.765776980346476011e-01 6.752749838244668235e-01 5.913552921101471460e-01 1.000000000000000000e+00 3.711595211567076391e-01 6.559095423572020023e-01 5.409215376163281075e-01
4.963102268424158803e-01 4.012803487445592010e-01 4.148066556350682443e-01 5.227115023702784136e-01 3.337605614083967720e-01 4.617179054531581062e-01 2.985547837093531220e-01 3.359486619224636428e-01 2.819481190511820556e-01 2.963247450397842320e-01 4.552793707275263335e-01 4.373171251561102091e-01 3.545169605439065785e-01 3.937580824578084115e-01 4.390388392743385104e-01 2.554981317803532992e-01 3.796474412890937233e-01 4.301636696563254092e-01 4.624858846823557967e-01 4.263278249480176862e-01 8.302251114735642590e-01 4.778120267673193755e-01 4.991125040929839107e-01 3.082543300053429136e-01 4.100779893891792205e-01 1.699092743121962124e-01 6.079195860391712891e-01 3.997206722002222268e-01 3.949367470893630494e-01 4.267223126327082117e-01 3.452428331897738900e-01 4.055502249788128233e-01 5.760865517800156654e-01 2.866886835413231527e-01 2.842122954359473930e-01 4.768009343979535686e-01 3.711595211567076391e-01 1.000000000000000000e+00 3.439947739375480151e-01 4.530463278167957131e-01
5.014498658970232281e-01 6.008013114608917737e-01 5.029321453234751882e-01 4.445047420440578767e-01 5.816456390743280913e-01 4.053924645308533137e-01 5.016351228774235116e-01 6.850640613487218866e-01 3.635499325590076380e-01 6.122760488742501339e-01 6.735770050503748774e-01 5.636084994698143946e-01 3.021019785155206194e-01 5.790835784783423534e-01 5.321939926394667619e-01 4.890589703978294178e-01 4.445981448959039906e-01 4.780099250622329987e-01 4.696560490908339158e-01 5.842578186584675981e-01 4.968578654353889568e-01 5.161108106511477223e-01 6.143009053043573253e-01 2.942833781066362397e-01 7.795846412017587435e-01 1.436800936910968829e-01 4.629355836974965444e-01 5.089996664606261101e-01 4.759077795565030411e-01 5.285915731670595141e-01 5.125030631399851710e-01 6.733541714851537519e-01 3.799817191273227035e-01 2.640658153856231816e-01 5.562209021950529353e-01 4.548416362583231898e-01 6.559095423572020023e-01 3.439947739375480151e-01 1.000000000000000000e+00 5.097279445898736938e-01
5.577030363148863801e-01 6.195799929592106237e-01 6.850517200453571931e-01 4.583898147010241897e-01 4.514220840455077655e-01 3.704202352712936408e-01 4.022383813344058701e-01 5.932226381772103263e-01 2.856543703574259130e-01 5.143590699085233142e-01 5.893177837517962203e-01 5.289704693810050040e-01 3.033499742765613516e-01 4.879555467029212945e-01 7.078192842877838453e-01 3.833057689098134935e-01 3.782602058719963800e-01 4.153715475694848003e-01 4.854188252355738920e-01 5.966989577822500168e-01 5.817228035394477192e-01 5.255725820276351268e-01 6.615490488401892799e-01 3.692970153510403142e-01 5.470289877139277168e-01 1.606445862238471411e-01 4.641749187192031889e-01 6.892929846953131934e-01 5.309713970100423674e-01 5.165203444260519916e-01 7.383973429502733721e-01 5.987433884875494883e-01 3.116298560753423819e-01 2.507689843251591499e-01 4.706791667589246830e-01 5.597250971695243438e-01 5.409215376163281075e-01 4.530463278167957131e-01 5.097279445898736938e-01 1.000000000000000000e+00
