1.000000000000000000e+00 1.603385663896598479e-01 3.161061873165428859e-01 1.000592641356035095e-01 1.453291994034869861e-01 1.476857345423355505e-01 3.846281450292474147e-01 2.941976769567561933e-01 4.014495154574846958e-01 1.819093233716241320e-01 2.030638673097986957e-01 2.634400395623875957e-01 2.352781080419886484e-01 3.302223713296247865e-01 3.819116652083511254e-01 5.129373155985226251e-01 2.824469352063928573e-01 4.012712883609864112e-01 1.767604239198211913e-01 3.335482847852773158e-01 3.307714030621222712e-01 2.321003058018249465e-01 4.533234238377207292e-01 3.117656835783183533e-01 3.201697863273478273e-01 3.055239929798411747e-01 3.233064018738779910e-01 1.149897804680626995e-01 1.808281295892565643e-01 1.803670488787006143e-01 3.424989345852036404e-01 5.806165158635767654e-01 2.970711807097574098e-01 2.650140688803389599e-01 4.812347625388062045e-01 2.338226891032434418e-01 3.022252874886569574e-01 1.665501163664745432e-01 2.779157036597306729e-01 2.678285254580538566e-01 2.042085465890323415e-01 6.552281148624098384e-01 1.250413969348694865e-01 3.321352942135388786e-01 1.852007235897070170e-01 3.060910008331895193e-01 2.918558039183992148e-01 1.113916907846256715e-01 1.456683822536934680e-01 1.718044988322679489e-01 2.875108563575578535e-01 3.030660448271796370e-01 3.129239834416469024e-01 1.509919655865760157e-01 2.146576797303818562e-01 2.004520948018301274e-01 2.776802972658374280e-01 2.611607086135419586e-01 1.575336828781485343e-01 1.904405181145048254e-01 2.993878566478477832e-01 3.674969809558196743e-01 3.108873694094235196e-01 1.567089062059655313e-01 2.021702532942963870e-01 4.492286950413507118e-01 2.919320399530844212e-01 5.055113587480370985e-01 1.628076722952256361e-01 1.776982993426386437e-01 3.495235316882208121e-01 3.552464586892623566e-01 3.979784032109551228e-01 2.717618050847698807e-01 1.959895578315037634e-01 3.681457014166613639e-01 1.772408434795881560e-01 3.972658872048027145e-01 4.070263832538168480e-01 1.790282509064805017e-01 1.907565676661082954e-01 2.015817065488775817e-01 1.789257671126427973e-01 1.706425484124145797e-01 3.360647818928759190e-01 5.229934914028426807e-01 2.316952536187622813e-01 1.033962315628866313e-01 4.607624185058313837e-01 1.726695136807550046e-01 2.277838833824069598e-01 2.124138070308966841e-01 4.906638148157897450e-01 1.701117706457948020e-01 2.921813502551273145e-01 2.210665637195602107e-01 2.838878947807392250e-01 1.671744141515958681e-01 4.689878960826144305e-01 2.810464819837917849e-01 2.748770778935583081e-01 2.262137107620428023e-01 3.453595002493991539e-01 2.405968300686965877e-01 2.186970117635140265e-01 4.781901731502506969e-01 1.259474245277333315e-01
1.603385663896598479e-01 1.000000000000000000e+00 3.806044954223842813e-01 5.404984951009850214e-01 2.395490380920727025e-01 4.319442913389547334e-01 2.733279146414641647e-01 2.633700985760439872e-01 3.426700691949896571e-01 3.636951170544932554e-01 4.113966744289702104e-01 3.956855930453870851e-01 4.352384191978087014e-01 3.124847887765824228e-01 2.793650576925122975e-01 1.604672761382258950e-01 2.814000216969033685e-01 2.354481979964141991e-01 4.234998890622676537e-01 2.907446916872415965e-01 3.598395284267521532e-01 3.222684376336635848e-01 2.496551262721625752e-01 2.952839592021135329e-01 2.826889619942173915e-01 3.612895900217608092e-01 3.028231319809087663e-01 3.332820517070414490e-01 3.180097024815152773e-01 4.112663169643317462e-01 2.947590828935573448e-01 1.885979559689171248e-01 2.472953985165528557e-01 3.704781387144259197e-01 2.413713558410652826e-01 3.824776830489581281e-01 2.509507297794968395e-01 4.091738601424178001e-01 3.879767942160661232e-01 3.210542924990693603e-01 3.534247433443475916e-01 1.547507013457774250e-01 3.916479300043513301e-01 3.033972464066492791e-01 3.953914886699192444e-01 3.754235317816779216e-01 2.990428124688043754e-01 3.885365435146193591e-01 1.767495594066822717e-01 2.920985593195182806e-01 3.805340476976837860e-01 3.736669687835260656e-01 3.795053444417246236e-01 3.428234961676818737e-01 4.394447616202415419e-01 3.763481361745029119e-01 3.327915908638682807e-01 3.253644551882902691e-01 3.545982306133568240e-01 3.869169533149555140e-01 2.920937815473532151e-01 3.652065881668203895e-01 2.595812187021415141e-01 3.508306963455916083e-01 2.750282642082007567e-01 3.790910841882264015e-01 3.357250349858041938e-01 2.261723168869312905e-01 4.330175458534805677e-01 3.354307371261121551e-01 3.468691826406511414e-01 3.273442000422918108e-01 2.640350687324632406e-01 3.928990049725607503e-01 3.089209284606125316e-01 3.539444655753943292e-01 3.426263689075721430e-01 2.638249825282735217e-01 2.950157991080974429e-01 2.078106574185108746e-01 3.195597562441747641e-01 3.278523784527385687e-01 3.590371146217157250e-01 3.306338252914188258e-01 2.985205877443256606e-01 2.608079164607276512e-01 2.984406565394259192e-01 3.601622082383568180e-01 2.613803168458612713e-01 2.241594720866696699e-01 3.113992840766044434e-01 3.001927755542641019e-01 2.057341304978167196e-01 4.393562827029320883e-01 3.623349925646637271e-01 4.929477147837029172e-01 2.644558430988231956e-01 2.267397903591340247e-01 2.534001025880048830e-01 2.498186346500783639e-01 3.115090636241316102e-01 2.263050056388103692e-01 3.256013383004636719e-01 3.065373296145581516e-01 3.060164228641672479e-01 2.768478755382330903e-01 3.072736864477149110e-01
3.161061873165428859e-01 3.806044954223842813e-01 1.000000000000000000e+00 2.561392102133778215e-01 3.100526524436919562e-01 2.744036390771586453e-01 3.326585016139991247e-01 3.432478806344683719e-01 6.672020741360736862e-01 4.975200506665150568e-01 4.092234138068493454e-01 3.601945799017478023e-01 3.347716721690400243e-01 2.858927050359365563e-01 4.968085263483821290e-01 3.138422561133740740e-01 4.404574819870237246e-01 5.298634717333954303e-01 4.321595292498839891e-01 4.203325175710381223e-01 5.697771341119469701e-01 4.442409411561119015e-01 6.263724906342847953e-01 3.969841491594759963e-01 5.102369588730629735e-01 3.879276875559970472e-01 4.182455258572359558e-01 5.890276151048925435e-01 5.059469540228768158e-01 2.709956582023455018e-01 3.364973234280633774e-01 3.570027024919588676e-01 4.662489965278145965e-01 3.240722743543179019e-01 4.942733479774056859e-01 3.890183730580997201e-01 4.592399010664411363e-01 4.561042943807238625e-01 6.608806252144002746e-01 3.111588649826365072e-01 2.591837077384753774e-01 4.084327664943201430e-01 5.451157888313677979e-01 5.203857825248867641e-01 2.186250666179493096e-01 5.774706378340692670e-01 4.134260988787045177e-01 4.078444491572977837e-01 2.601948601662011917e-01 4.492459150006826718e-01 5.215351629700643032e-01 4.519677721557954220e-01 3.692402600400315205e-01 4.565522679326804445e-01 3.255429150633287194e-01 3.452748106477748768e-01 4.741839934855971439e-01 4.360578963130308794e-01 4.032411596583244107e-01 2.436863538841687049e-01 3.246025518290454048e-01 4.814919376138492302e-01 5.789132718471209360e-01 3.340422474403713093e-01 2.254919815273899175e-01 6.225209752601945645e-01 4.644457890271553868e-01 3.924130868240981451e-01 3.039014970331676002e-01 4.659135656849374141e-01 6.352034324908613083e-01 3.310812006689905496e-01 4.865156327237833978e-01 2.912650484712022148e-01 2.738323203402825978e-01 4.418010937734889731e-01 3.909516588585724151e-01 5.733435421219901240e-01 6.715086439239893457e-01 4.209166682104392709e-01 3.459523305944054439e-01 3.506840604921975801e-01 5.543277103362008740e-01 3.855626471125724875e-01 7.141306005608715202e-01 4.751676468453526758e-01 4.176347967366986769e-01 2.931222153241720418e-01 3.522201935004569684e-01 3.086387092738727689e-01 3.834818572829215011e-01 2.413011192292172369e-01 4.513916814077162942e-01 3.283935182690118637e-01 5.621283801808243386e-01 2.985071166076525562e-01 3.149063899720367377e-01 2.819985369728922886e-01 3.211766067648644252e-01 3.981077097607186310e-01 3.159324765249065803e-01 3.745698970001034578e-01 4.003760034543132895e-01 4.264701835530090301e-01 3.366275464563229791e-01 6.465400203844954286e-01 3.429533956834251995e-01
1.000592641356035095e-01 5.404984951009850214e-01 2.561392102133778215e-01 1.000000000000000000e+00 1.797708493170296906e-01 4.716856314547021589e-01 2.470794778333648967e-01 2.323730660899371581e-01 3.801951153354203861e-01 3.424463619872635256e-01 3.356774318941835866e-01 2.068967500263776960e-01 2.708484485282228738e-01 4.782102254026973087e-01 1.359489227506532338e-01 -5.614484585939316479e-03 2.228573272862975352e-01 1.402630690766878685e-01 3.563214847260133822e-01 2.129885308606994376e-01 3.389805263184219597e-01 2.155388038754626479e-01 1.008623516214316729e-01 2.103370647484991141e-01 1.452239610541653236e-01 2.794453616911961036e-01 2.833354654375198067e-01 2.241765076896708175e-01 1.957589009186101459e-01 3.342385024237008451e-01 2.287121128843034035e-01 1.622572898658623808e-01 1.666623552280992460e-01 2.336795949467065092e-01 1.193844771935686361e-01 3.034219813888732742e-01 1.159695778445621744e-01 3.378505054087321269e-01 2.417443671922630821e-01 2.948883181470851045e-01 4.687590651719137358e-01 -4.025092390770373257e-02 2.899413553987656433e-01 2.733213575901189962e-01 6.814194394107399022e-01 3.627543984114980358e-01 2.027192910720967134e-01 3.839755376281093757e-01 1.004830064151838037e-01 2.582159650666198680e-01 3.172964534479066345e-01 2.949867337132230927e-01 3.049045430461211903e-01 2.282710677276161004e-01 4.379584557476903783e-01 4.780383065433940759e-01 2.422822375136584605e-01 2.853438832793758206e-01 3.572452277817986244e-01 5.238316543848740015e-01 3.122176371682837681e-01 3.475516512135413683e-01 1.143417228160975574e-01 3.691642312357564792e-01 1.771357842528051008e-01 3.683772725923299962e-01 2.538593752648614088e-01 2.642971609565612501e-01 3.442731402851414435e-01 2.502212562953773922e-01 2.721710920398988653e-01 3.428397102563725540e-01 1.267571008268423838e-01 2.889849494517629513e-01 2.878826547439196082e-01 4.428217618068981398e-01 2.382392002710848611e-01 5.744837496100774210e-02 1.795149780335197343e-01 1.683405514674080616e-01 3.011641111349083744e-01 3.061842609551390648e-01 3.229003506961043435e-01 3.122032829149984368e-01 1.299919564556606955e-01 8.622389549970620182e-02 2.121485858629918175e-01 2.366831514043770679e-01 1.725107260976357915e-01 1.680049646986034595e-01 2.275541788858932435e-01 2.670096576337490091e-01 1.552261640127738096e-01 4.631266797030650917e-01 2.318170246237725995e-01 7.522864777721242069e-01 2.271914184634978295e-01 2.765461661660512660e-01 1.337685888530331102e-01 1.297016252201169118e-01 3.297839284084932987e-01 1.769530886391753322e-01 2.124068922106092938e-01 2.415588044868044182e-01 2.760946129712737451e-01 1.349175880675693717e-01 2.217381406561146351e-01
1.453291994034869861e-01 2.395490380920727025e-01 3.100526524436919562e-01 1.797708493170296906e-01 1.000000000000000000e+00 2.221982085537089757e-01 2.030545235665143500e-01 2.287090855568300884e-01 2.452935962209954746e-01 2.140850129888292597e-01 1.674909643690513372e-01 2.634063434826011130e-01 2.517739894566420333e-01 1.484854167502391020e-01 2.584192459476127857e-01 1.573740784738724141e-01 1.528481736003402258e-01 2.296143191583267240e-01 2.430816036231973898e-01 1.733651267573812493e-01 1.769756490782155856e-01 2.108923189963947120e-01 1.990268994120654167e-01 2.125741887601110824e-01 3.759649928520004125e-01 2.174644297181910213e-01 1.696166636084270873e-01 2.939635378479689698e-01 3.555509680812428130e-01 2.421509588239852129e-01 2.230302668022540735e-01 1.559023039379318354e-01 3.062720412504620904e-01 2.624246568635152932e-01 2.091431996378093627e-01 1.824094215594973811e-01 1.743210876094157535e-01 1.595492936376105564e-01 2.276298674063756133e-01 2.229947194691716539e-01 1.714188719240410108e-01 2.141830226597340181e-01 2.832832440409280284e-01 1.951002202360335169e-01 1.395959734037486022e-01 2.400920549817357197e-01 1.488537583307282530e-01 1.786178485396474891e-01 1.999746727355533327e-01 2.039605901950529154e-01 2.209962222863287029e-01 2.031951161305375897e-01 2.132660849116301549e-01 3.556388438871392887e-01 2.108331542844065210e-01 2.083706086762875387e-01 1.914035613237188849e-01 2.473354368906323930e-01 1.921904026394174736e-01 1.656381090952847301e-01 1.338923184235277508e-01 2.079280684689549796e-01 3.343223538908461911e-01 1.293272786945648123e-01 2.354015954239968844e-01 2.867794035836896960e-01 1.857829493321819792e-01 2.127023485723042728e-01 2.612183114290920205e-01 2.053884462146791379e-01 2.753005312538545080e-01 2.002358023080089700e-01 1.952210859902147877e-01 2.715811194138005868e-01 1.782957881229469965e-01 2.456645377752333659e-01 1.971531420720573358e-01 3.221591737466633076e-01 2.292881846912125099e-01 2.795574027002866724e-01 1.744327364929857960e-01 1.409061544221296147e-01 2.702049131612891952e-01 3.323606299255448260e-01 3.757229135500875783e-01 1.861405543077405966e-01 2.055350060549412661e-01 2.483092231896014135e-01 1.807998129063285164e-01 2.789405985025197876e-01 1.958347260261420475e-01 1.803281356012146064e-01 1.863406468929265647e-01 1.313781730744269238e-01 2.386631791602721320e-01 2.032252481023154589e-01 2.095940461654407505e-01 2.592073546511862170e-01 2.401676618135846764e-01 1.421565187303354960e-01 1.514325712827109816e-01 8.817190508419653350e-02 1.710457462209477308e-01 2.123029984101579837e-01 3.376328432758432530e-01 3.096231814785417868e-01 2.312661937102959142e-01
1.476857345423355505e-01 4.319442913389547334e-01 2.744036390771586453e-01 4.716856314547021589e-01 2.221982085537089757e-01 1.000000000000000000e+00 2.274517642567747411e-01 1.996333887258905093e-01 2.845197983221472438e-01 2.237545629669049352e-01 2.796050939016361259e-01 1.767067787944217039e-01 3.461510682999673350e-01 3.901968435724230688e-01 2.323895128414776301e-01 6.308357480044976540e-02 1.433387242646658732e-01 1.773079802518442716e-01 2.962587031171537988e-01 1.966719430878588193e-01 2.492648361436027304e-01 2.457167170640226217e-01 1.701058340010845882e-01 3.397526064289991821e-01 1.912205456422555738e-01 2.374679056242841590e-01 2.239259131989807805e-01 2.032571047904852546e-01 2.011347149574160276e-01 2.979187596672514537e-01 2.748599242807811538e-01 1.848081999106941098e-01 1.948293878713846239e-01 2.032589406187207681e-01 1.310057284240441489e-01 3.292582379241900115e-01 1.460484472306751436e-01 2.565573291669980271e-01 2.432807815367735715e-01 2.590869928813536172e-01 3.555351184405005083e-01 8.828848038968961642e-02 2.291117705166612617e-01 2.147166197078020367e-01 5.374066450182427568e-01 2.532653414696723893e-01 1.813767485836572380e-01 2.339986282551230479e-01 1.253699752406743639e-01 1.921653107774918545e-01 2.380529572920666581e-01 2.535337279897681428e-01 3.882528932408911282e-01 1.976034899563512692e-01 3.006397563924719796e-01 3.692129442788307792e-01 2.458645088679980717e-01 2.376475167383188813e-01 2.375952971394756086e-01 3.441299190529774621e-01 3.114999968491611870e-01 2.509497665946537892e-01 1.329742950773664112e-01 2.677466845343622892e-01 2.850646484849410633e-01 2.943674826288169011e-01 2.583339366272944804e-01 2.569199583753566385e-01 5.065713545634769055e-01 2.186169344593703878e-01 1.827927530487341579e-01 3.084748282349659143e-01 2.017688293319913895e-01 3.335541526080670338e-01 2.110505534358610435e-01 3.215425310556632721e-01 2.137011697583752479e-01 1.723972551128934716e-01 2.021101440734806576e-01 1.074422781722707970e-01 2.028555915586799097e-01 2.954615975420528673e-01 2.006686637261353989e-01 1.932771655110160358e-01 2.201101320468737965e-01 1.502229184800571160e-01 2.167325809436850548e-01 1.773169051476247704e-01 2.192453011219090697e-01 1.472337918984641669e-01 2.070654875493800062e-01 2.334842702614516596e-01 1.474097056967335340e-01 3.281209445365134147e-01 2.073170395338287675e-01 5.407673893193961634e-01 2.773495731663900843e-01 2.496029638808171247e-01 2.308582682596302948e-01 1.746269685806241534e-01 4.166406539950041066e-01 1.218652909236368903e-01 2.388156653093309323e-01 2.307312680882835088e-01 2.774076880068016004e-01 1.870860612136885370e-01 2.122149895909576089e-01
3.846281450292474147e-01 2.733279146414641647e-01 3.326585016139991247e-01 2.470794778333648967e-01 2.030545235665143500e-01 2.274517642567747411e-01 1.000000000000000000e+00 4.921742529940745792e-01 3.834170529994473942e-01 3.955602028918770441e-01 3.485517932608498404e-01 1.562487075520774260e-01 2.372787512218956507e-01 4.389539833681536107e-01 4.919310587618613839e-01 2.891364259036446338e-01 5.933222760464945678e-01 3.348826024350055608e-01 3.666224115807696915e-01 4.689421519568642838e-01 4.092788092743420147e-01 5.525447948408838128e-01 4.031557283439003991e-01 5.602807375524492262e-01 2.711034033713400349e-01 4.746170110772915396e-01 6.642497891173132496e-01 3.774957137916534755e-01 2.620293157828198494e-01 2.195684413420609660e-01 3.707668162808265278e-01 5.685414805942700101e-01 3.164079724510792113e-01 1.973045407216393599e-01 3.519938392356960488e-01 4.661342914698287654e-01 4.731910848107249712e-01 3.131797113462948534e-01 4.064119946197440880e-01 3.756225847932073147e-01 5.321614430101220261e-01 3.708378410283726945e-01 2.910661492288209029e-01 4.974365442376470492e-01 3.357797510626312487e-01 3.476347504343951234e-01 4.904060693644909930e-01 4.169544136956285785e-01 2.856466304887428920e-01 3.761492620084255223e-01 4.164669562192464536e-01 4.613682615628203476e-01 4.515290510881541097e-01 2.794463481618960077e-01 5.709093251066172936e-01 5.092172431431848389e-01 5.369926906359860919e-01 5.409089217241376257e-01 3.147022680586805121e-01 5.191835453038629034e-01 5.659630340078696253e-01 4.926758295861494719e-01 2.745461008855663576e-01 3.591227935868171461e-01 3.863427505391803241e-01 4.336334147147453688e-01 5.903450306866158126e-01 4.720696582832027977e-01 2.532014125011794459e-01 3.982839180292216952e-01 3.283573014823850666e-01 6.915903531482006095e-01 3.635990537653411292e-01 1.712200293258454020e-01 5.126756900749325219e-01 4.173036781589921640e-01 5.478285586524288542e-01 2.982471970456543886e-01 4.056808760168356676e-01 2.837362982638501063e-01 3.670168459330240274e-01 5.076736648546841257e-01 3.542247325124542878e-01 2.806168707278313690e-01 2.624040425593390791e-01 5.021468197922869248e-01 4.352367975726515459e-01 1.339183617901994749e-01 6.862038758045712061e-01 1.812371607764710346e-01 4.154471013176244121e-01 5.257894053397831335e-01 4.319073327291036435e-01 4.634920615101980612e-01 4.136694541406630288e-01 3.295066538832580050e-01 4.645199905615137737e-01 2.579817887249137298e-01 3.543865094129060589e-01 4.718470459815024554e-01 5.700907810851577606e-01 3.623784190552790663e-01 6.615902582295986045e-01 3.680295827145942944e-01 2.691464418510544632e-01 3.374740141775587898e-01 2.512636196586939819e-01
2.941976769567561933e-01 2.633700985760439872e-01 3.432478806344683719e-01 2.323730660899371581e-01 2.287090855568300884e-01 1.996333887258905093e-01 4.921742529940745792e-01 1.000000000000000000e+00 3.910299122334633393e-01 4.694356284881930907e-01 4.183494902648417502e-01 2.623488151155978776e-01 9.573217458639593502e-02 2.307852466179096118e-01 4.113131796092153736e-01 1.574663087097871728e-01 4.979640188391464828e-01 3.358315627930277825e-01 3.553510981910241173e-01 4.158858409850443305e-01 3.142647666184300581e-01 6.170292264763268530e-01 2.459496990074030720e-01 4.962459767967388746e-01 4.731200997362887684e-01 6.090172189000946368e-01 6.199937278746803226e-01 4.626086385474746931e-01 3.292952882238802670e-01 1.655710884185646048e-01 5.860530889325462622e-01 3.885727795289089515e-01 3.304531298628411440e-01 3.782125459822596181e-01 2.808466946956382215e-01 4.735367486644742607e-01 3.207730465823989685e-01 3.503274007952394964e-01 3.271902580090021440e-01 5.178229493838945041e-01 3.266673035320822871e-01 2.766969374662011094e-01 3.346252041570846325e-01 3.422277889148497287e-01 1.961504183086895392e-01 5.188640132043750297e-01 3.640433488378848059e-01 6.276672250505634931e-01 3.799305784663208341e-01 4.357508788638271846e-01 5.031317294781035843e-01 3.575687679553239406e-01 2.247727038016910095e-01 3.891134243056829090e-01 5.247465389635513899e-01 3.807369345337721089e-01 4.890001156029638585e-01 6.656782440674693380e-01 3.397298849115609198e-01 3.779085844287538021e-01 3.367141996258021797e-01 3.445869065735061021e-01 5.046690810775712466e-01 3.307683725323996016e-01 3.661266550687884980e-01 3.840252707675649302e-01 5.671611600637139761e-01 5.303926248290045109e-01 2.959874754414992815e-01 5.251794678709963415e-01 5.061094013588318674e-01 3.999444496014546990e-01 2.316194989771483415e-01 8.021403650273745134e-02 5.330804601876146798e-01 3.752754807480819244e-01 6.382102838806942291e-01 2.606230650980428942e-01 3.451252718458002744e-01 4.289904309991779963e-01 3.706761107877219463e-01 4.046608667978515150e-01 5.546333966211414168e-01 3.039447287228091987e-01 4.121336853450815463e-01 2.850382937296245256e-01 5.051976721688233862e-01 1.740955540210975538e-01 4.340515731005085143e-01 2.961933128737413989e-01 3.811885526915551603e-01 5.524020574209153045e-01 2.795976492328104968e-01 3.887129457257361143e-01 4.430620927660645081e-01 2.676844385643776247e-01 3.747228176735455940e-01 2.824243324924713416e-01 1.957642004839230399e-01 3.087835491626249595e-01 3.359605793318059530e-01 2.017787689504178805e-01 5.590799360397471496e-01 3.913191644655958368e-01 2.459876195617002881e-01 4.491746499684311500e-01 2.476721917464927980e-01
4.014495154574846958e-01 3.426700691949896571e-01 6.672020741360736862e-01 3.801951153354203861e-01 2.452935962209954746e-01 2.845197983221472438e-01 3.834170529994473942e-01 3.910299122334633393e-01 1.000000000000000000e+00 5.995031025632751032e-01 4.698837277504200327e-01 3.521886247161565842e-01 2.633350417450824876e-01 3.361611151927311747e-01 4.563415276347786986e-01 2.802037465111857917e-01 5.173797183321288129e-01 5.094844656450230325e-01 3.951633355962932970e-01 4.894965492191296064e-01 6.604464849961907413e-01 3.552711027528512311e-01 5.896393687004541917e-01 3.680215134157250878e-01 4.541981731060820149e-01 4.128995806948537739e-01 4.990931263904564985e-01 4.879358302873527120e-01 4.314016533034281120e-01 2.474877964578741651e-01 3.549370093032498397e-01 4.836568327919030241e-01 4.580120806224888264e-01 3.509824337408123385e-01 4.856042826694605408e-01 3.747044791195944802e-01 4.353347667876293903e-01 5.037168001418923513e-01 5.945045751349014029e-01 3.872871340861244738e-01 3.186190531486104982e-01 3.927892839604441577e-01 4.779787050241225410e-01 6.196036924648101740e-01 3.304483113983958664e-01 6.987371512189615164e-01 4.707714665418212263e-01 4.762064323000213539e-01 2.630451671938738856e-01 4.935389943706132154e-01 4.833005582195100125e-01 5.236960652425524110e-01 3.333512809743642280e-01 4.019552631240962404e-01 3.908598516579372961e-01 3.732554947459258421e-01 4.908802767831363933e-01 4.283930307514531854e-01 4.033969895516940074e-01 3.002665375518689395e-01 3.436993847794287960e-01 6.339072218885523080e-01 5.057143964825008275e-01 4.164220524590779848e-01 2.371300579097617156e-01 7.136490677192270926e-01 4.075333546477918900e-01 5.370130645955657478e-01 3.041889633570930007e-01 4.659467466393196200e-01 6.773409360469535567e-01 3.598998100844325032e-01 4.684764759262105005e-01 2.440794709731645418e-01 2.615029740581824580e-01 6.277953999767821314e-01 3.881316635605432386e-01 4.447183108529416118e-01 6.355527644334274529e-01 3.688469206838578818e-01 4.109209414671352589e-01 3.208332944382056851e-01 6.301599138917223231e-01 3.854122963640689847e-01 5.694017671261982771e-01 4.628204210332746427e-01 4.638156994700878277e-01 2.596739886496897132e-01 3.896755578737102765e-01 3.196108243706748397e-01 3.390851033487946031e-01 2.534605748861895047e-01 5.715039589159306432e-01 3.835162694686907736e-01 5.392004272000386900e-01 4.015139099258961397e-01 3.066487587582963359e-01 3.127675649928101653e-01 2.998558309392829746e-01 4.000880052553086319e-01 3.333874139794538172e-01 4.876490343734342647e-01 3.973317918691297579e-01 4.805496324730533786e-01 3.169452933404151573e-01 6.551184051952338994e-01 3.067535871542523829e-01
1.819093233716241320e-01 3.636951170544932554e-01 4.975200506665150568e-01 3.424463619872635256e-01 2.140850129888292597e-01 2.237545629669049352e-01 3.955602028918770441e-01 4.694356284881930907e-01 5.995031025632751032e-01 1.000000000000000000e+00 5.637203496030385175e-01 3.859266885308522688e-01 1.985987745759277001e-01 1.873070029886678700e-01 4.221661867117104117e-01 1.710350245206102293e-01 5.155253655889493469e-01 3.269797852043499486e-01 5.821822881220437562e-01 4.971525697694657020e-01 6.396198282788281286e-01 4.891650228183158089e-01 4.341773125329148053e-01 3.943005520046038992e-01 3.803037276918043719e-01 5.578301252359864071e-01 5.094131977670847133e-01 5.713192593372027339e-01 3.954911774550221581e-01 3.020198052093145957e-01 3.086482704235071761e-01 3.293013982251210559e-01 3.504438754650749388e-01 4.062440744397136649e-01 3.092502894605250185e-01 4.738685697180832213e-01 4.361628616483813614e-01 6.262845702721883123e-01 5.607737739920363174e-01 4.867367872875245638e-01 3.734640437753006248e-01 2.427010243611827656e-01 6.218558931849811344e-01 4.773909338716076922e-01 2.693993847006315168e-01 6.623469087131276245e-01 4.761310955862626537e-01 6.450198037617314029e-01 3.110899070860822513e-01 7.140577073055690560e-01 4.796191944105756000e-01 5.231320429318181420e-01 2.350057543016066119e-01 4.676168160467317758e-01 5.242252786995590386e-01 4.470649340288573304e-01 5.020072886578439419e-01 4.789532254360889807e-01 5.456271595699240251e-01 4.039604787542255826e-01 3.606222653258935873e-01 5.252632869535829307e-01 4.264819572982109785e-01 6.141430131901948197e-01 2.911977167770845032e-01 4.549929004975854507e-01 4.738953547291024915e-01 3.552138351611869860e-01 2.788715077209746873e-01 5.586244693499343716e-01 6.018075183263829064e-01 3.783313548745282917e-01 3.752723314182419001e-01 1.407959931250213348e-01 4.220456230919933938e-01 4.298131263595333929e-01 5.502870336227213555e-01 3.013889384596153409e-01 4.381711546731693052e-01 3.537171550936218933e-01 6.181869511430494457e-01 4.164621308283594781e-01 7.292628072675152451e-01 3.581667864479930463e-01 4.056425583763874632e-01 4.046152229652532628e-01 5.035565621181778972e-01 3.315335783936286806e-01 4.049937675308092899e-01 3.051399757559346559e-01 4.983640134197210858e-01 4.393008053013843783e-01 3.643022978141057244e-01 4.814881951869440235e-01 5.645275277465835462e-01 3.301915271425249210e-01 3.349680898172494592e-01 3.959023599585092534e-01 1.851071537005174461e-01 4.109386423663005661e-01 3.647240455044098439e-01 4.345221828492463190e-01 4.524061707957868217e-01 5.066596884266817424e-01 2.832903336587719312e-01 4.370726237533560932e-01 4.358812194342083224e-01
2.030638673097986957e-01 4.113966744289702104e-01 4.092234138068493454e-01 3.356774318941835866e-01 1.674909643690513372e-01 2.796050939016361259e-01 3.485517932608498404e-01 4.183494902648417502e-01 4.698837277504200327e-01 5.637203496030385175e-01 1.000000000000000000e+00 3.425629697617306735e-01 2.013869074494373801e-01 1.021327559361959736e-01 4.875122439458754453e-01 1.210180241400497514e-01 5.219264790988509262e-01 2.471308097484484767e-01 5.577196230246233011e-01 6.711565492609962158e-01 5.604235641386455802e-01 5.076566588365636346e-01 3.025930242014098215e-01 4.135268554258094142e-01 3.855434951975580948e-01 5.091153881246395230e-01 4.993561160593324444e-01 3.946585484718119763e-01 3.498841040954810966e-01 2.985079793490237887e-01 3.510222966001396716e-01 3.313991506766714168e-01 2.694817743021368783e-01 3.363329159992702877e-01 2.388430327426185051e-01 4.985464367421969523e-01 4.525875902786040683e-01 7.123387042589066631e-01 4.837800228550402371e-01 4.205616243969311219e-01 3.593447622358192928e-01 1.904773816525824892e-01 4.435718930750411348e-01 3.663063018515436697e-01 2.258696846468772890e-01 4.961568180802569117e-01 6.190368581454709362e-01 6.100034684706227006e-01 2.647984280540722768e-01 4.596461833824321275e-01 5.200903920264230429e-01 5.523601014988827052e-01 2.639573809963094431e-01 4.046807679599205287e-01 4.807932091186906676e-01 4.179312160919412822e-01 6.523139505839955499e-01 5.147456136509899194e-01 5.434438630217596211e-01 3.897141826908074314e-01 3.617451151226089290e-01 4.377656608423338702e-01 3.572209939935728773e-01 6.932563641442816005e-01 3.407989326651042483e-01 4.182192663353638817e-01 5.080770344807113981e-01 3.314300790634364113e-01 3.837533981089487622e-01 4.479515201533176838e-01 4.891728480159659442e-01 3.729529663286783592e-01 2.897254302898426004e-01 1.724113884700712584e-01 3.967834986707321487e-01 3.801741803281666332e-01 5.999580932270335287e-01 2.331698009274552341e-01 3.312042344608727706e-01 2.470621947837263743e-01 5.724700847879519161e-01 4.203594443856522589e-01 4.986994226736002345e-01 3.277271454994168387e-01 3.430775573626416719e-01 4.006345472671035690e-01 7.193293669222587949e-01 2.868713019280741960e-01 4.345970302657316542e-01 3.315412241414724681e-01 5.144160889988165231e-01 4.550500264701089481e-01 2.580210840619548418e-01 5.374296338389722427e-01 6.242799160860709184e-01 3.265065287826942053e-01 3.618499806593641344e-01 2.192493410100948281e-01 2.064393337706018905e-01 4.776872495584943423e-01 4.036017710197049024e-01 3.966150085758852750e-01 4.318618072797349439e-01 6.312911184646284868e-01 2.946846395767391269e-01 3.832992330195936215e-01 3.393606772187221510e-01
2.634400395623875957e-01 3.956855930453870851e-01 3.601945799017478023e-01 2.068967500263776960e-01 2.634063434826011130e-01 1.767067787944217039e-01 1.562487075520774260e-01 2.623488151155978776e-01 3.521886247161565842e-01 3.859266885308522688e-01 3.425629697617306735e-01 1.000000000000000000e+00 3.301341282824408752e-01 2.431040150875914130e-02 2.292771436151576914e-01 2.927224287830951233e-01 2.310662767456961864e-01 2.288860420616096181e-01 5.132384471855698793e-01 3.025221578570630454e-01 2.994073005571163959e-01 2.760074583667608272e-01 2.434221271107832874e-01 2.065919127710489078e-01 4.438916270366520811e-01 4.083713529021550936e-01 2.150130599551966226e-01 3.580651591273480427e-01 3.333717253536844782e-01 4.223542398465212067e-01 2.935688192935162477e-01 2.778210610854069396e-01 2.069679357226537897e-01 7.113102470176541070e-01 3.004599220172829988e-01 2.837905431359756259e-01 2.460333177097781265e-01 3.517372523480789548e-01 3.204203291644416307e-01 4.484339728676108305e-01 1.146466676991291789e-01 3.547848625184030213e-01 4.603795021743665727e-01 2.463098765636937415e-01 6.119402815482220120e-02 3.720510823681758006e-01 3.091763524474588354e-01 2.937595292592762863e-01 2.872866741408591218e-01 4.056026674173832669e-01 2.800396294824768484e-01 2.842845725927599099e-01 1.810164628742348403e-01 4.809408028841999361e-01 3.590869938612065715e-01 1.956408689470811035e-01 2.415564963310093682e-01 2.629080808421697113e-01 3.965416179103454786e-01 2.248055619388615034e-01 1.431003088870946571e-01 3.266570404699584151e-01 4.553615578851525902e-01 3.409455259949503714e-01 1.673379399958976055e-01 3.393799081760648373e-01 2.580732110482045760e-01 3.058813827049997602e-01 2.187007501255302799e-01 2.720946950156875044e-01 4.545854283271975049e-01 1.972014793247930664e-01 2.175540441301227479e-01 2.959596255001240572e-01 2.105996842970058180e-01 2.936809810596954229e-01 2.699471571944441206e-01 3.061423668712036084e-01 2.619405690277736287e-01 2.937913562007958834e-01 3.461924599057676355e-01 1.927834994416157133e-01 3.888702746499573260e-01 2.233070404638411721e-01 3.846908409883191826e-01 2.737633237555439636e-01 2.503228408574100783e-01 5.866355194496005732e-01 2.380065143041310838e-01 3.818035697006209039e-01 3.312977352467684211e-01 2.564506911427071323e-01 2.717299729923567386e-01 2.788965295643733300e-01 3.372583950141411213e-01 2.087598858630326515e-01 1.977549454451191235e-01 3.583441310267233559e-01 2.972175593639674873e-01 2.335484063011901701e-01 1.455111772335147546e-01 2.136985580051091183e-01 2.207804953540130066e-01 2.646329987231556546e-01 1.508253779499714453e-01 4.525370781053300595e-01 3.235451324988878885e-01
2.352781080419886484e-01 4.352384191978087014e-01 3.347716721690400243e-01 2.708484485282228738e-01 2.517739894566420333e-01 3.461510682999673350e-01 2.372787512218956507e-01 9.573217458639593502e-02 2.633350417450824876e-01 1.985987745759277001e-01 2.013869074494373801e-01 3.301341282824408752e-01 1.000000000000000000e+00 3.043631558852901153e-01 2.238530262100514590e-01 3.624917767462117468e-01 1.730295692496028326e-01 2.356285873646872253e-01 3.126317773146499723e-01 1.599918979182644585e-01 2.348978846489764016e-01 1.704076306977479471e-01 2.951574027792618349e-01 2.563874082244482211e-01 2.065897649624220678e-01 2.326100938564754361e-01 1.861889787973170229e-01 2.171697049830989545e-01 2.350688404966842227e-01 4.180983824140070970e-01 2.455257644390642369e-01 1.941407624243831620e-01 1.761752506674118812e-01 3.184714171301220587e-01 2.459189114418043054e-01 2.604913988429605198e-01 1.790071881918774144e-01 2.181839810969657678e-01 2.604690856944053556e-01 2.152767388841332896e-01 2.037087154614854179e-01 2.714792988854184408e-01 2.657942045929666541e-01 2.646524438293442749e-01 2.486844353773114968e-01 2.571726497951179469e-01 1.966747184238936685e-01 1.903855339779771949e-01 7.506369490708039716e-02 1.854140728910973757e-01 3.198415802165218702e-01 2.477463154454434824e-01 4.273162115039060849e-01 1.823536033316083826e-01 2.578073276545323478e-01 2.324676814845326456e-01 1.612796873184992597e-01 1.677198610041303883e-01 2.025333914856585760e-01 2.131392682676563344e-01 2.115741665954635753e-01 3.010198181267278450e-01 1.811054271761238510e-01 2.171255847017343754e-01 1.920401982115425565e-01 3.305444548516758285e-01 1.855061365095962977e-01 2.076686190730811232e-01 2.901325710290404980e-01 2.234900367131186227e-01 2.269244612317011800e-01 2.530368377896305421e-01 2.743417389034028542e-01 5.420672893490597888e-01 1.180554945435077774e-01 3.010924460002444847e-01 1.515934615909117211e-01 3.109867780421403105e-01 2.817634864686491825e-01 2.218412664810181234e-01 1.696686687222301593e-01 1.749291321458081305e-01 1.791074810296100495e-01 2.626031923449445027e-01 2.534002734463413620e-01 2.771071719140338896e-01 1.174005214870276897e-01 3.173605311484364311e-01 2.239536313275828638e-01 8.989659530762912631e-02 2.403451389690430540e-01 1.281493975628024973e-01 2.795956689497378078e-01 1.889327917189247419e-01 2.285525725505984096e-01 3.090905771580095829e-01 2.399038375885950702e-01 2.488344323614840869e-01 3.986141190327974204e-01 1.428019662500095710e-01 1.916381492434145184e-01 1.436837314396843812e-01 1.955961073955055085e-01 1.293487762569038579e-01 2.995198181220108946e-01 2.318526221007027044e-01 1.553502765870015956e-01
3.302223713296247865e-01 3.124847887765824228e-01 2.858927050359365563e-01 4.782102254026973087e-01 1.484854167502391020e-01 3.901968435724230688e-01 4.389539833681536107e-01 2.307852466179096118e-01 3.361611151927311747e-01 1.873070029886678700e-01 1.021327559361959736e-01 2.431040150875914130e-02 3.043631558852901153e-01 1.000000000000000000e+00 2.478963327884300127e-01 1.897504695625285009e-01 2.422781418723943259e-01 2.734730771322332887e-01 1.290098975037932139e-01 1.717018467189847797e-01 2.845599300106236296e-01 2.229180821453585759e-01 2.944883836648405362e-01 3.397185231338057942e-01 6.118637185411355400e-02 2.154254813275145730e-01 3.238490165681705557e-01 1.694710286717265868e-01 1.503776883395283315e-01 2.079826497339191671e-01 2.522323644278857691e-01 3.400690154156745804e-01 2.639035209442280316e-01 9.984648183986211123e-02 2.619392127831047246e-01 2.345403145881168328e-01 2.212889732183749292e-01 1.276157449175691350e-01 2.497154799450082008e-01 1.760931941454980110e-01 4.535678942270648939e-01 2.377021927158597114e-01 1.509184581827798244e-01 2.893549305738090105e-01 6.852247084522857801e-01 2.704548524319261849e-01 1.456921745699443493e-01 2.129807095052097254e-01 1.144104147189536069e-01 1.206107055099751302e-01 3.334577747401552550e-01 2.453999804814257502e-01 5.309070636682867717e-01 5.642155478977252392e-02 3.234678943731930101e-01 4.023968023078104972e-01 2.441440442231162244e-01 2.877521549650977062e-01 1.451560430583290484e-01 3.853646432734161853e-01 4.430925547950437249e-01 2.954641666389588028e-01 1.172401451784216841e-01 1.319991943713841875e-01 2.321395350935823165e-01 3.629714934017228001e-01 3.035930133344711956e-01 3.847979540848146529e-01 2.456929902811367528e-01 2.818252749904872623e-01 2.228384912971990428e-01 5.085056468395684481e-01 2.924108878956875324e-01 3.348612640858311673e-01 2.066379378541804979e-01 3.618385522027681156e-01 2.195729641296876866e-01 2.294882673707728249e-01 3.068580177050052038e-01 1.769271390243104258e-01 8.685426640057039571e-02 2.997516504592006026e-01 1.869230172394170109e-01 2.362660219321192911e-01 1.589901247828736375e-01 2.760037010343867614e-01 1.537657627214343847e-01 3.392362152216999577e-02 3.858369460970134113e-01 -6.995115046721556845e-03 1.773820848802745431e-01 1.662905347903783915e-01 2.921449050595992247e-01 2.431792635534522629e-01 1.731229254326278055e-01 5.358814963204436843e-01 2.725660871672799801e-01 2.364896242350687794e-01 3.170485487055818563e-01 1.881066796761621807e-01 4.273709760790244672e-01 1.212056543186902646e-01 3.366574005118714852e-01 1.519465619641634235e-01 3.565397856248893604e-01 1.905032889672733931e-01 1.391880649391750435e-01
