1.000000000000000000e+00 4.561623090758542554e-01 3.576500415097645380e-01 1.617256457475832188e-01 2.506573797788584357e-01 1.346642026028785077e-01 2.050838709163980145e-01 1.471962390025125245e-01 2.175287690059296009e-01 3.542209641107910145e-01 1.935334104413335976e-01 1.407852769700388973e-01 2.992323952840040269e-01 1.233673110210595780e-01 2.327088663582406736e-01 4.399536500170821429e-01 2.352017584214644574e-01 1.989600360128348788e-01 2.232905109252325548e-01 1.849241672889985755e-01 2.466434717946079658e-01 2.137778261120725498e-01 4.455310960366543060e-01 4.165089582393416423e-01 3.024404100741732160e-01 2.885044265968745858e-01 2.092204201650272877e-01 3.145743926815477987e-01 2.860476849393077670e-01 5.855945100828356953e-01 2.634483542488721408e-01 1.724509299826315345e-01 2.064978791859498897e-01 2.005354960247913709e-01 2.144748398512316967e-01 2.337133714109368710e-01 2.760542873301975453e-01 1.131313746189279712e-01 1.290104085736018258e-01 1.884591627092677135e-01 2.714086466568914613e-01 2.594185371081128566e-01 2.034435170729432807e-01 2.060563655889171009e-01 1.440081970089769348e-01 1.862090042341226215e-01 2.090407764138657587e-01 1.691750927307133501e-01 3.539545066782139870e-01 2.523147333619704669e-01 2.840664743120639990e-01 1.319049397818337355e-01 2.123156807433596305e-01 1.267862876779632941e-01 3.614526419646271749e-01 2.102638140659877364e-01 2.668622493383468464e-01 1.499521586692869057e-01 1.657824645804877040e-01 2.520925062791856686e-01 3.434544459016378171e-01 3.536980539633216014e-01 3.165885933207069902e-01 3.382229177334396542e-01 2.404783152842516758e-01 1.696485945863973610e-01 1.691195558817548683e-01 3.005501208225293541e-01 5.376968375669972655e-01 1.782088167386624566e-01
4.561623090758542554e-01 1.000000000000000000e+00 3.986000279392710732e-01 4.514309721193862646e-01 4.293144016131660301e-01 3.503212954509936639e-01 3.845570524600057105e-01 3.935392993782981241e-01 3.550999076144396027e-01 4.002156796075369005e-01 4.283740619220767210e-01 3.913928810254814761e-01 2.867382544509607389e-01 3.289291952025210075e-01 4.441120289807686805e-01 3.751227301605236653e-01 2.705754572636788202e-01 2.947260413374092614e-01 4.028328666880480746e-01 3.719724484723926916e-01 4.411057298967193119e-01 4.656160406767604898e-01 4.613985800647514290e-01 4.169719184361661557e-01 3.789738283323062507e-01 2.894844140995603832e-01 2.446364600221097585e-01 3.882825549997094283e-01 2.509286253872139993e-01 4.300381745933140598e-01 3.984857707053084397e-01 3.430462816272074611e-01 4.774521601768590418e-01 5.405592306651323398e-01 3.756801680333513582e-01 3.851734114227788330e-01 4.196335925748816975e-01 4.145944979110710582e-01 3.780405557473063283e-01 3.650689594871752153e-01 4.387650357916069721e-01 2.402085798636417469e-01 4.115502975412592135e-01 4.335428324811296252e-01 4.465665334538628239e-01 4.400964814744775522e-01 2.946763551182448038e-01 3.719760185669570562e-01 4.896386718883329880e-01 4.139898301995162400e-01 4.640184199381948149e-01 4.132418093812283422e-01 3.775737013715416701e-01 4.084085610850938242e-01 3.640856296453962582e-01 4.288716111174957768e-01 3.834091016533366925e-01 3.037304156628642948e-01 3.062497172510086907e-01 4.300376607878943491e-01 4.978163851202903611e-01 3.543224535483288085e-01 4.294903008850015080e-01 1.891897233249087706e-01 3.162823084770352011e-01 4.324968284106989747e-01 2.880774412310265764e-01 4.418019952105239900e-01 3.150391987252832982e-01 4.291862646992081753e-01
3.576500415097645380e-01 3.986000279392710732e-01 1.000000000000000000e+00 3.595607073174776347e-01 4.374292250714008068e-01 4.379619324972485184e-01 3.573063700528069098e-01 4.384784318473714526e-01 5.270941270201390250e-01 3.303971479776174891e-01 4.462981107438833694e-01 4.306766576021069937e-01 5.373845689760902156e-01 5.023028571187182489e-01 5.292842845754378578e-01 3.624067597673567565e-01 6.240129120167796639e-01 5.329795092079762098e-01 4.551181112863214584e-01 4.386213474059625916e-01 4.185038089040758469e-01 3.750068412283957264e-01 3.647853673806860098e-01 4.603764366871263558e-01 5.104345649453199130e-01 4.448393799199637511e-01 3.760889366170150350e-01 6.125229460109432589e-01 4.719145299194699716e-01 3.648217590679860844e-01 6.548502842981904770e-01 3.558166099003435834e-01 4.018197834224349063e-01 4.167262406989203916e-01 6.497991805120066910e-01 3.975821921191093344e-01 4.998985853984510008e-01 2.894824746616805333e-01 4.837479469130734344e-01 5.112126053400521952e-01 3.675863121716594351e-01 5.135631433059932860e-01 4.078575500684623045e-01 5.167551574862663255e-01 3.994644945197092789e-01 4.272272464345738263e-01 6.562305027168768845e-01 5.946356007387477716e-01 3.794149758185983434e-01 3.995205000606306123e-01 6.786842348104934475e-01 4.877520171850900366e-01 3.674987125552974243e-01 3.881082732142231428e-01 3.816832389136800563e-01 3.838661641005585157e-01 7.097765267042994708e-01 4.003709266247388321e-01 3.513010624217358657e-01 3.985992783812747353e-01 4.399523750945699696e-01 4.471604768503574800e-01 3.988941683872180843e-01 3.908339841064772391e-01 6.900301562317203707e-01 4.294898879270407921e-01 5.140559831381813494e-01 3.516255163672580286e-01 4.569167188875385421e-01 4.893689771079122730e-01
1.617256457475832188e-01 4.514309721193862646e-01 3.595607073174776347e-01 1.000000000000000000e+00 6.683185260538134775e-01 4.936310817300572085e-01 5.229933424945403253e-01 5.089808763446191930e-01 5.490165927412673508e-01 3.020717791320158274e-01 5.025348852859379267e-01 5.112180523449332270e-01 4.016626091683371258e-01 5.568962355298991973e-01 4.555564635531274553e-01 2.761084820844119103e-01 4.175077559960133078e-01 4.422488513721308800e-01 6.141759527201821056e-01 5.544526212048093150e-01 5.218004303197389948e-01 6.030353755675965655e-01 2.510816567757692130e-01 4.116339954352216113e-01 5.048913938142848279e-01 3.147009058040703411e-01 4.150462678365044455e-01 4.889053064983744923e-01 3.375067446114947689e-01 2.135038743653271398e-01 3.550850094239477728e-01 4.636468111184374186e-01 5.129315261969389361e-01 6.826743807083326399e-01 4.423001498428659750e-01 4.801732500423899763e-01 5.856623791253743327e-01 7.171366884013999909e-01 5.339844987463606696e-01 5.353308321961476324e-01 4.338613173835389469e-01 2.959822817557589691e-01 6.536877987097465814e-01 5.457142111192815337e-01 7.248847528040514021e-01 6.122155647137715873e-01 3.609289326690370836e-01 6.121475216496746752e-01 3.160490770593453735e-01 5.331389709664354770e-01 4.461093970556161414e-01 5.960369568595705880e-01 4.193746954131478133e-01 6.562263631213811621e-01 3.683761099325233990e-01 6.572883736784294051e-01 4.156908655283538812e-01 3.522166461738436283e-01 3.966486465645397419e-01 5.370889246365462277e-01 2.695405584501373020e-01 3.070244225594165322e-01 3.770377749377907262e-01 2.503804800686005305e-01 3.771462777199843242e-01 8.720294508891694996e-01 4.600752888339189051e-01 4.562442121181650156e-01 2.316424415835823258e-01 7.572853521642783914e-01
2.506573797788584357e-01 4.293144016131660301e-01 4.374292250714008068e-01 6.683185260538134775e-01 1.000000000000000000e+00 5.108795578741165411e-01 4.331105080944298025e-01 4.876988248364746981e-01 5.537867074890037156e-01 1.877717686366158489e-01 4.834416977591276532e-01 3.969640266349053759e-01 4.076428083591998597e-01 4.664103583175707723e-01 4.454904577834590818e-01 3.112483261338138685e-01 3.464033155559746446e-01 3.259763141430962463e-01 6.378721719216567942e-01 4.584740970998414378e-01 5.439414021682145162e-01 5.645466359786373012e-01 2.677238620826448701e-01 5.607166034787794962e-01 5.550811943803818371e-01 2.954699001665661018e-01 2.366298297326743516e-01 4.154897101947465643e-01 4.044764885295759616e-01 2.690777957266247689e-01 3.857315875350852408e-01 3.497052597507966931e-01 4.456215313452433491e-01 7.155674712107037427e-01 3.673272987780941135e-01 5.779204940928969192e-01 4.837103100999538552e-01 5.761376187540162563e-01 5.113394063304375070e-01 3.515625200752239277e-01 3.947064584685820443e-01 2.973679729972097396e-01 6.532617325293459398e-01 4.917006349895648998e-01 5.450707825241524196e-01 5.265308945553289766e-01 3.811744783897623723e-01 5.628584819962941799e-01 4.477577560473157137e-01 4.152432344474780157e-01 4.675123915771309258e-01 5.607412052688038884e-01 3.216009355297423933e-01 4.277195238225916518e-01 3.891230328444647557e-01 6.984105041330773700e-01 4.372402496722979648e-01 2.584663414070986209e-01 2.737443016899580583e-01 5.055021123250780235e-01 2.963853145966801050e-01 4.577085816545579111e-01 2.940484039172621133e-01 2.592913062278436875e-01 3.539575886378996672e-01 7.279598216475757777e-01 4.747278062669924581e-01 3.738447415812583552e-01 3.496431910302125190e-01 6.035972183796396440e-01
1.346642026028785077e-01 3.503212954509936639e-01 4.379619324972485184e-01 4.936310817300572085e-01 5.108795578741165411e-01 1.000000000000000000e+00 3.921324703448126892e-01 4.671698421059416462e-01 6.372363343537731373e-01 2.467899554693985809e-01 5.851756153381547643e-01 4.374740516126741641e-01 6.139660492876085618e-01 6.078739023240447015e-01 4.622275161968530943e-01 2.060846962552481121e-01 4.066354455947736035e-01 3.216507795330197927e-01 5.193272276124620834e-01 3.135660660560978252e-01 3.580983320924979729e-01 4.262840052377870337e-01 2.569630544649703086e-01 3.726981241910897191e-01 6.990329298300588245e-01 3.075628213685783208e-01 1.982696062440804097e-01 4.696006401570372857e-01 4.515834006623483665e-01 1.536831982267186092e-01 6.190358039926673328e-01 3.198397838681094063e-01 5.068630849985497067e-01 4.997681743430938406e-01 3.474586657729958894e-01 3.957290653802267300e-01 4.283705157065728075e-01 3.408977693632738171e-01 7.494761162774078445e-01 3.893950341248865743e-01 4.849127410048371667e-01 3.593962705998360874e-01 5.039841333766372777e-01 5.929538503732804111e-01 4.887441586524464143e-01 4.064317138732743695e-01 5.636597311021791512e-01 4.738763176953365019e-01 2.247157754904636484e-01 4.733178907925454371e-01 5.292056646044024371e-01 5.861709780387062141e-01 2.865173841529143894e-01 3.282382995971925288e-01 2.710489671872314821e-01 4.548060319016501429e-01 4.806538881396358875e-01 3.008449752428090651e-01 3.054613462991055406e-01 6.133967969939079223e-01 1.727562735358226520e-01 2.550612594731782590e-01 2.734125144973601484e-01 2.606666106179655329e-01 4.086223034026910117e-01 5.638184043700354975e-01 5.707145472657816354e-01 4.602345446113059180e-01 2.928608395433427436e-01 5.228827976873634542e-01
2.050838709163980145e-01 3.845570524600057105e-01 3.573063700528069098e-01 5.229933424945403253e-01 4.331105080944298025e-01 3.921324703448126892e-01 1.000000000000000000e+00 3.878336107385715326e-01 4.904159942797364224e-01 4.260849870589772936e-01 4.843355987956277642e-01 5.602888368211709214e-01 3.148571665906039208e-01 4.185251545682828755e-01 4.256103469701081887e-01 2.733076515847630561e-01 2.869396603453374661e-01 3.807718580326564517e-01 4.424270697544451236e-01 4.542130358540862889e-01 4.332391631667121823e-01 6.237515640364854619e-01 3.434024545809874485e-01 3.270709010074640544e-01 4.058252260261294153e-01 2.964065079023899818e-01 4.470152047444930221e-01 3.516944689776321797e-01 3.533367223966649706e-01 2.206336014675838453e-01 3.730957165873586279e-01 5.527920881189158919e-01 4.763694810883532527e-01 4.516112722502517718e-01 4.477000310420607421e-01 3.588454708728030518e-01 4.556211491450499751e-01 5.008323540525194684e-01 4.073153549243543337e-01 4.485933367934046845e-01 4.967932031512141133e-01 2.604540595641143819e-01 3.566941498489783480e-01 3.913858557921660042e-01 4.690824419955703095e-01 6.903451215188941559e-01 3.064027121927289099e-01 4.333349223866349020e-01 2.545357869921776039e-01 5.638108881316856724e-01 3.581415799721288651e-01 3.893557629665535536e-01 5.165902721971464828e-01 5.832601066013217705e-01 3.267689766678338881e-01 4.193399985953131792e-01 4.039239253977352506e-01 3.179472329153323340e-01 3.623716069701249931e-01 6.232277472104406080e-01 2.741824270500852201e-01 2.371925906642597393e-01 6.162073080205870967e-01 2.300324983669451151e-01 4.209041885044241260e-01 4.743418133387026225e-01 4.722660404514995580e-01 5.269373769542425867e-01 2.459162976109280363e-01 4.609962381762017780e-01
1.471962390025125245e-01 3.935392993782981241e-01 4.384784318473714526e-01 5.089808763446191930e-01 4.876988248364746981e-01 4.671698421059416462e-01 3.878336107385715326e-01 1.000000000000000000e+00 4.530187114361057810e-01 2.735708842083200976e-01 5.750643809064240886e-01 5.153672231414212490e-01 4.001340015861339361e-01 4.659969459531708713e-01 5.930403467631412129e-01 3.495583460796251041e-01 3.810363398090311216e-01 3.917457315563299125e-01 4.175247623397296270e-01 3.796137766675523051e-01 3.873511867080801085e-01 4.674816107484096595e-01 2.836630691204903854e-01 3.448400279564428628e-01 5.360356244702235706e-01 3.044104355025999409e-01 2.691710366710676761e-01 4.597059441670005020e-01 3.339555936670526304e-01 1.659815588866206393e-01 3.940758505711590698e-01 4.055575341703022696e-01 6.009949295792093027e-01 4.946225481033768023e-01 5.007757735328063342e-01 3.606762624985260235e-01 5.595846425634427579e-01 4.367759953796720995e-01 5.853675078685588451e-01 4.509702118809361115e-01 4.579943871238074671e-01 3.117741452360429655e-01 4.221243722786630070e-01 6.265503689557898603e-01 6.709395329639487038e-01 4.679248699724387617e-01 3.761807669886331196e-01 4.743441742670111427e-01 3.046805748751150733e-01 4.035529714040277383e-01 5.882635420925543812e-01 7.613608207399045202e-01 3.401759355619052849e-01 4.330233463163137286e-01 3.865019043534327903e-01 4.333638838363313983e-01 5.707781032758501016e-01 3.323185887555527018e-01 3.523222984662602864e-01 5.346392139007299926e-01 2.730664090451829229e-01 2.290513864292587076e-01 3.427226945613665032e-01 2.277508465667492654e-01 4.628113892121653028e-01 5.153012717653706609e-01 3.972818733716836359e-01 4.457213714159458107e-01 2.565575908689967100e-01 5.890814110625729461e-01
2.175287690059296009e-01 3.550999076144396027e-01 5.270941270201390250e-01 5.490165927412673508e-01 5.537867074890037156e-01 6.372363343537731373e-01 4.904159942797364224e-01 4.530187114361057810e-01 1.000000000000000000e+00 2.956596500496265767e-01 4.338658752531155960e-01 4.285008511636342332e-01 5.707212151648666243e-01 6.700817159468092088e-01 4.109954550653758254e-01 2.751745410602595698e-01 4.801656867966048736e-01 4.385589972761967381e-01 6.290200627806469269e-01 5.412114009609445553e-01 4.191489076747504927e-01 4.839412190729441843e-01 2.662006484895627634e-01 4.815988359786899653e-01 6.322343826609402306e-01 3.811747472156067351e-01 2.742289100635763588e-01 4.455298996111854981e-01 6.142210086916605194e-01 2.375055333308328798e-01 5.486020414900939501e-01 3.758151629692541018e-01 4.261685640729260816e-01 5.052768055935881186e-01 4.439274928935069142e-01 4.542646605225326706e-01 5.053420352625387357e-01 4.076786729431974843e-01 6.285612547685631712e-01 4.287479705258834262e-01 3.602214445683230015e-01 4.707475308058753360e-01 6.148664969730681662e-01 5.070775697727809561e-01 5.380167736376642029e-01 5.744958295255937486e-01 4.989897317902035057e-01 6.942710599797982107e-01 2.654694312967160186e-01 4.195122203240483350e-01 5.206288590938340510e-01 5.862168186816278936e-01 2.943784641788311784e-01 4.490873354334954937e-01 3.402301142839577741e-01 4.596881038410287612e-01 4.988725782495512240e-01 3.359780030074040469e-01 3.104194427269055256e-01 4.457405810837883342e-01 2.257314971314640373e-01 3.913480889692563247e-01 3.954023157217980700e-01 3.927917225819771985e-01 5.662793493762201535e-01 6.095342178580291925e-01 7.269803051138322703e-01 3.236351089261896297e-01 3.924184299683362021e-01 6.135272434815877141e-01
3.542209641107910145e-01 4.002156796075369005e-01 3.303971479776174891e-01 3.020717791320158274e-01 1.877717686366158489e-01 2.467899554693985809e-01 4.260849870589772936e-01 2.735708842083200976e-01 2.956596500496265767e-01 1.000000000000000000e+00 3.940071380381641730e-01 4.246437911235244611e-01 2.794307864396891050e-01 2.271937888294215668e-01 3.580697242354501375e-01 2.198272448627500986e-01 2.578816499646814919e-01 4.228152660083420722e-01 1.878855778567639356e-01 2.871599259202715637e-01 2.345850239813296323e-01 3.358549267092461044e-01 5.420129910185190747e-01 1.905188975186595801e-01 2.760010962687800551e-01 3.406177471478178953e-01 3.506682299472252407e-01 3.837211703505480909e-01 2.811526763371700599e-01 3.321588918345893537e-01 3.035971256907929461e-01 5.075999191356405094e-01 3.483909526298514803e-01 2.960935113838418231e-01 4.056100182079799277e-01 1.368569608215738365e-01 3.118225390405583997e-01 2.420095513686490452e-01 2.954953488997619226e-01 4.512608985827148422e-01 4.504998785309694553e-01 2.862507954938510180e-01 1.827208798432493064e-01 3.421169552181615447e-01 3.079115820758916433e-01 3.647157011724859177e-01 2.436510090953866448e-01 2.238271922633622013e-01 1.835818238887971243e-01 3.285817074627429002e-01 3.090036469041322897e-01 2.878059271021584653e-01 4.250973374919063130e-01 2.786375797687061784e-01 2.479994740117082708e-01 1.977747515799206379e-01 3.503813001191634635e-01 4.522049420624181804e-01 3.498312337661588778e-01 3.675798179104712293e-01 2.630682477865193825e-01 8.975269942998688466e-02 6.898592372438216991e-01 3.337067380756961188e-01 4.350698979798154897e-01 2.555358470009809202e-01 2.448179610668483330e-01 4.776123260749111088e-01 3.258129139349568715e-01 2.673871775731215816e-01
1.935334104413335976e-01 4.283740619220767210e-01 4.462981107438833694e-01 5.025348852859379267e-01 4.834416977591276532e-01 5.851756153381547643e-01 4.843355987956277642e-01 5.750643809064240886e-01 4.338658752531155960e-01 3.940071380381641730e-01 1.000000000000000000e+00 6.658330098164469968e-01 4.061315463154009375e-01 4.263509000064615306e-01 6.739045362493860658e-01 2.403576854895522197e-01 3.073490925968409004e-01 3.197051258128285056e-01 4.332092085369705359e-01 3.021478949409239223e-01 4.472484282170531844e-01 5.598665921580739946e-01 4.319637790313327619e-01 3.369844448270666870e-01 4.965929794253030605e-01 2.507566417335295728e-01 2.865052890865386614e-01 4.283794193666614625e-01 2.940152222067702326e-01 2.240793503200413928e-01 4.944828433481172625e-01 4.092153760128669493e-01 7.562494112376180189e-01 5.414420538825214235e-01 4.939456011073277697e-01 4.016807614176188812e-01 4.632658075072317305e-01 4.638352212885463177e-01 6.344773898439344251e-01 4.190673177447729603e-01 6.384376942950068523e-01 2.719156454977356696e-01 4.448304429839075036e-01 5.895909709107773899e-01 5.435517714392228417e-01 5.022768890324289526e-01 4.078847795375253882e-01 4.094987094409775485e-01 3.276030043992397833e-01 5.321023709947296787e-01 5.371044051985137679e-01 5.896195649810374029e-01 4.748691837314156783e-01 4.117115824004302094e-01 3.356027519114884172e-01 4.930118374782109236e-01 5.637260789984446241e-01 3.541359928454671513e-01 3.107895926855407942e-01 7.513368562118480920e-01 3.739907517140696469e-01 2.328130762819071720e-01 4.746606737356373618e-01 1.555955068434620725e-01 4.254457632472110618e-01 5.267863667971723896e-01 3.688282578355195906e-01 6.008794360702097714e-01 2.574614634427129789e-01 4.727473427496079461e-01
1.407852769700388973e-01 3.913928810254814761e-01 4.306766576021069937e-01 5.112180523449332270e-01 3.969640266349053759e-01 4.374740516126741641e-01 5.602888368211709214e-01 5.153672231414212490e-01 4.285008511636342332e-01 4.246437911235244611e-01 6.658330098164469968e-01 1.000000000000000000e+00 4.467236097064887224e-01 5.353315530293959457e-01 6.614935998543605145e-01 2.837517018958554682e-01 3.876565428931689761e-01 4.213624796029979969e-01 4.101913993243173628e-01 3.676420359496304080e-01 4.246570894555104503e-01 5.140341647583364093e-01 3.557726997995330209e-01 2.802499145559325111e-01 4.511074841743443753e-01 3.282810068056506436e-01 4.370450338848838601e-01 5.226246025191469968e-01 2.854371288034938114e-01 1.953953021198448770e-01 5.058474111286820341e-01 5.419566812718629167e-01 5.658121521021441946e-01 4.756894674541822798e-01 6.636041670031599393e-01 3.496516877933780743e-01 5.217609682656556558e-01 4.377398442993862826e-01 4.878998775340609995e-01 6.002872513736128290e-01 5.548202345569004379e-01 3.348731116107983019e-01 3.819097316902889117e-01 5.944498706669300025e-01 5.596978250479858197e-01 5.572807260680905372e-01 4.609692370224982572e-01 4.776092099947132907e-01 2.597945997199587187e-01 5.994893017105719091e-01 5.175959971854505737e-01 5.136324360318625937e-01 6.898460009903955026e-01 5.999709375475127393e-01 3.694603396291322173e-01 4.252635298869636427e-01 6.172675821399810081e-01 3.786498742694550668e-01 4.120599136541219787e-01 5.794464776797132455e-01 3.237522342288739474e-01 2.277614820219373004e-01 5.116486638787572927e-01 2.035836142659685766e-01 5.291267348227551848e-01 4.628342601623059438e-01 3.781861225875723376e-01 6.618639446222498446e-01 2.032020772382473472e-01 5.205436612996734436e-01
2.992323952840040269e-01 2.867382544509607389e-01 5.373845689760902156e-01 4.016626091683371258e-01 4.076428083591998597e-01 6.139660492876085618e-01 3.148571665906039208e-01 4.001340015861339361e-01 5.707212151648666243e-01 2.794307864396891050e-01 4.061315463154009375e-01 4.467236097064887224e-01 1.000000000000000000e+00 5.334516207523264386e-01 4.488587408355212416e-01 2.870756357893197719e-01 6.699358143885976169e-01 4.969541567212775179e-01 4.517170266336520967e-01 2.934465234234669428e-01 2.437110002993929103e-01 2.701409690327499780e-01 2.302135681778619825e-01 4.243375001328928420e-01 6.850635985742694611e-01 4.878148619236742922e-01 3.054408360990768512e-01 6.611710714383822740e-01 6.345531432094289048e-01 3.012852273187099916e-01 5.766592982199102435e-01 3.652849028951359323e-01 3.290303764213612925e-01 3.416694153490826835e-01 4.568165221648813334e-01 2.747104044911437004e-01 4.513626886648872683e-01 2.709915913369702056e-01 5.263383037972636513e-01 4.952658585389327905e-01 3.600408121218922064e-01 6.362807354473847266e-01 4.455630431748838771e-01 5.822863159158471191e-01 3.921745908105547795e-01 3.456757958607075132e-01 6.774384864443584453e-01 4.471581828075651410e-01 1.906485081051069175e-01 4.309656444698717337e-01 4.821170498723061359e-01 4.802004727018753805e-01 3.500946614920543154e-01 2.751647306579673158e-01 3.505644006292347181e-01 3.165855508148282538e-01 5.892574586535294090e-01 3.112047859165451014e-01 3.699899922643765660e-01 4.196292514851609479e-01 1.391219363930762676e-01 2.791368021213251338e-01 2.714741584595349866e-01 5.534619053093304819e-01 6.045460547668480844e-01 4.649761225072858162e-01 5.549586594899278413e-01 4.347047001053385151e-01 5.181234492171249428e-01 4.414050263828848686e-01
1.233673110210595780e-01 3.289291952025210075e-01 5.023028571187182489e-01 5.568962355298991973e-01 4.664103583175707723e-01 6.078739023240447015e-01 4.185251545682828755e-01 4.659969459531708713e-01 6.700817159468092088e-01 2.271937888294215668e-01 4.263509000064615306e-01 5.353315530293959457e-01 5.334516207523264386e-01 1.000000000000000000e+00 5.349416209000461553e-01 2.648694330671086949e-01 5.300140406496622880e-01 4.040710700959342372e-01 5.732031780458405334e-01 4.356001134136966435e-01 3.972942549298343340e-01 4.486713030449695494e-01 1.855666114041279735e-01 3.926595323636963286e-01 5.611620108238885019e-01 3.511550343300563481e-01 3.555929239778478634e-01 5.076544623556941138e-01 4.082854905350165597e-01 2.003455012387231893e-01 5.896744551269218482e-01 3.569216878271532223e-01 4.962118049997419345e-01 4.876503091798970457e-01 5.323721352225848635e-01 4.154719924402304199e-01 5.716247618985405010e-01 3.731729920018849178e-01 6.738914407833307418e-01 5.221882303321297991e-01 3.386916590375232405e-01 4.571142866123110160e-01 5.332702864346086091e-01 5.521517574348230317e-01 6.245807659191481287e-01 4.353550347505663609e-01 5.716401444310046376e-01 7.231929577180438162e-01 2.489735468869317958e-01 5.476894775792431336e-01 5.645698546450463873e-01 6.015608491194032181e-01 3.711385989231202887e-01 5.737339674704441395e-01 3.719213067846625642e-01 4.340759279376393831e-01 5.433761392460115802e-01 3.019277613643257530e-01 3.599430549394472267e-01 3.875277563442135476e-01 2.502872969944371917e-01 3.202691180565546136e-01 2.767913968401463087e-01 2.712151297248460158e-01 5.060906458439933253e-01 5.746021744295007894e-01 5.721497158942926431e-01 4.011597064379343047e-01 2.552820453842362669e-01 6.838127235394969583e-01
2.327088663582406736e-01 4.441120289807686805e-01 5.292842845754378578e-01 4.555564635531274553e-01 4.454904577834590818e-01 4.622275161968530943e-01 4.256103469701081887e-01 5.930403467631412129e-01 4.109954550653758254e-01 3.580697242354501375e-01 6.739045362493860658e-01 6.614935998543605145e-01 4.488587408355212416e-01 5.349416209000461553e-01 1.000000000000000000e+00 3.248881707230065752e-01 4.366227967738771087e-01 4.209436033897528961e-01 3.776389858801176280e-01 3.369565075134618448e-01 4.322837913322261638e-01 4.916360910231729608e-01 3.669089442196548090e-01 3.553884997259407763e-01 4.791081598313803869e-01 3.248250830383678789e-01 3.350340041395575841e-01 5.493765072002720906e-01 2.803451823895344308e-01 2.713425284968468687e-01 5.144644634609828460e-01 4.103471493532666048e-01 6.851097463304214319e-01 5.045901200526646813e-01 6.680622007165516463e-01 3.837968955478685551e-01 5.362875123373038733e-01 3.854901447035862794e-01 5.538803417828329634e-01 5.460810191966245508e-01 4.840741535125085981e-01 3.105530834953147412e-01 4.254627652309136421e-01 6.160095459896656189e-01 5.988409842049301490e-01 4.696060798423744576e-01 4.700205410168118991e-01 4.692168578067680840e-01 4.018251927364529519e-01 5.505052550192415239e-01 6.173329323981708860e-01 5.757339508946942574e-01 4.788875637959926213e-01 4.764963640376185250e-01 3.683432408966759719e-01 4.465712318964830119e-01 6.386270122595485432e-01 3.698645248501430394e-01 3.705698660503191078e-01 5.165938799922052960e-01 3.924495013783569353e-01 2.893356401188074134e-01 4.076049456039025909e-01 2.213701942927260302e-01 5.220197354763501663e-01 4.601248615352905302e-01 3.000052831566967781e-01 5.425598150951862486e-01 2.547010964519580423e-01 5.483766088191421861e-01
4.399536500170821429e-01 3.751227301605236653e-01 3.624067597673567565e-01 2.761084820844119103e-01 3.112483261338138685e-01 2.060846962552481121e-01 2.733076515847630561e-01 3.495583460796251041e-01 2.751745410602595698e-01 2.198272448627500986e-01 2.403576854895522197e-01 2.837517018958554682e-01 2.870756357893197719e-01 2.648694330671086949e-01 3.248881707230065752e-01 1.000000000000000000e+00 2.636517491587620499e-01 2.717310058356851576e-01 3.016334965755806397e-01 2.912750590198336376e-01 2.854575635352268881e-01 2.847227361288481862e-01 2.949126664943372833e-01 3.728912764835531357e-01 3.731615142944522678e-01 4.041485014412564691e-01 2.751372783580007808e-01 3.608938300937530319e-01 2.253442635441149366e-01 3.601433083168235627e-01 2.387199666082741589e-01 2.751688588015226977e-01 2.506827375515904288e-01 3.086821553269170626e-01 3.019684316552325720e-01 2.963141738481540610e-01 4.156753854625711009e-01 2.331046896682842096e-01 1.660481464924170036e-01 3.229548071759590910e-01 3.713826288113342144e-01 2.478544352981131016e-01 2.576966515647974298e-01 3.042470874038422091e-01 3.001080978769384289e-01 2.774694719579984259e-01 2.446375530507555185e-01 2.566910701302755893e-01 3.189331901045719397e-01 3.777136654609283273e-01 3.414756452423398647e-01 2.644879215433716402e-01 3.200166469477629394e-01 2.771633502764137003e-01 5.152874766265886919e-01 2.856994782796900001e-01 3.670827318195856170e-01 1.659525432685465540e-01 3.299757076336606865e-01 3.306340174076591309e-01 2.943324014886411488e-01 3.694215314490456592e-01 2.378579837554032073e-01 2.549464505497691658e-01 2.714363347218367029e-01 2.455055889168618055e-01 1.990641142243668726e-01 3.639135355991186538e-01 3.683831679941896864e-01 2.880395030873839080e-01
2.352017584214644574e-01 2.705754572636788202e-01 6.240129120167796639e-01 4.175077559960133078e-01 3.464033155559746446e-01 4.066354455947736035e-01 2.869396603453374661e-01 3.810363398090311216e-01 4.801656867966048736e-01 2.578816499646814919e-01 3.073490925968409004e-01 3.876565428931689761e-01 6.699358143885976169e-01 5.300140406496622880e-01 4.366227967738771087e-01 2.636517491587620499e-01 1.000000000000000000e+00 7.042964769896368216e-01 3.760459980711183814e-01 3.862047257346167828e-01 2.315129553588110289e-01 2.139286658068585423e-01 1.564293337502685732e-01 3.846574102924909533e-01 4.998560155296001839e-01 5.587369803896504727e-01 4.444538240145444741e-01 6.891394643085709815e-01 4.982210322940439640e-01 2.937228132723017082e-01 5.190305563299137948e-01 3.684423296941108927e-01 2.726402339764971705e-01 2.950768535585427954e-01 5.689514838733903401e-01 2.421287353482683702e-01 4.551245447515626652e-01 2.674645381150947410e-01 4.239851558395751896e-01 6.276994293831489324e-01 2.240142912095309247e-01 6.751865808183752371e-01 3.896243757913434580e-01 5.087825081890298140e-01 4.166193433906248966e-01 3.297693120789218502e-01 6.750206479752333122e-01 5.314227464325189665e-01 2.266559604517958126e-01 3.589150315815448078e-01 4.441587198668988101e-01 4.703344457827480785e-01 3.150161326578594378e-01 3.967672813184435210e-01 3.186743432481806138e-01 2.567539327176646125e-01 5.612943939477922362e-01 4.258940348097696726e-01 4.633102932184182676e-01 2.661390920903594082e-01 1.870718687081359966e-01 2.710432361199430762e-01 2.377613896214666178e-01 4.653252270793189482e-01 7.149425475150831266e-01 4.448480061037300981e-01 5.013097279538443196e-01 2.696522659394037236e-01 3.892285740656582504e-01 4.833761067351795004e-01
1.989600360128348788e-01 2.947260413374092614e-01 5.329795092079762098e-01 4.422488513721308800e-01 3.259763141430962463e-01 3.216507795330197927e-01 3.807718580326564517e-01 3.917457315563299125e-01 4.385589972761967381e-01 4.228152660083420722e-01 3.197051258128285056e-01 4.213624796029979969e-01 4.969541567212775179e-01 4.040710700959342372e-01 4.209436033897528961e-01 2.717310058356851576e-01 7.042964769896368216e-01 1.000000000000000000e+00 2.700111428794907398e-01 5.214156453639822164e-01 2.037792034908690875e-01 2.274465664314292146e-01 2.559322425038653148e-01 2.860357039140994373e-01 4.293415796992735567e-01 6.104063036725810854e-01 5.456909071955027279e-01 6.892829860143301346e-01 4.214390979616501332e-01 2.644923646085097779e-01 3.652610738862784312e-01 5.563483679765695022e-01 2.983707567737297062e-01 3.156844779274046164e-01 6.209929034939976056e-01 1.632371673782020971e-01 4.685007575879480690e-01 2.952082488270659777e-01 3.824460820459616994e-01 7.015454151763543811e-01 2.987189731359578548e-01 5.336865393238207078e-01 3.047283849114981735e-01 4.945307500835441905e-01 4.294709680090977866e-01 4.187665221801695759e-01 4.477359848674346554e-01 4.739040254694442678e-01 1.816099665963268328e-01 3.074721816672124075e-01 3.337730014961602376e-01 4.557280163573154130e-01 3.942117152594127316e-01 4.495118986764262692e-01 3.209917347866023118e-01 2.331908989630939177e-01 4.713401868862658883e-01 6.839433597319113378e-01 5.836651716928412670e-01 2.952572630538048970e-01 1.459545481747913931e-01 1.283245043698488519e-01 4.116327569402519759e-01 4.114570487929860576e-01 7.425845487724508365e-01 4.133418426459352646e-01 4.073349654708276479e-01 3.179799310605235796e-01 3.522249473367714545e-01 4.528970750047213167e-01
2.232905109252325548e-01 4.028328666880480746e-01 4.551181112863214584e-01 6.141759527201821056e-01 6.378721719216567942e-01 5.193272276124620834e-01 4.424270697544451236e-01 4.175247623397296270e-01 6.290200627806469269e-01 1.878855778567639356e-01 4.332092085369705359e-01 4.101913993243173628e-01 4.517170266336520967e-01 5.732031780458405334e-01 3.776389858801176280e-01 3.016334965755806397e-01 3.760459980711183814e-01 2.700111428794907398e-01 1.000000000000000000e+00 3.955519053764203208e-01 6.119500322714860330e-01 6.638711282657624446e-01 2.491845793540577725e-01 5.853448159808721796e-01 5.212644243652393428e-01 2.812749412763325685e-01 2.847286355514963008e-01 3.593028786292021826e-01 4.828652404732753922e-01 2.715541775526724155e-01 4.803532817428451396e-01 3.214700478830302965e-01 4.207354764089906718e-01 5.495649307958688778e-01 3.369972793110360132e-01 6.306310443824161283e-01 4.459582948558103999e-01 6.125160428453654271e-01 5.427449099151838707e-01 3.392259786539031374e-01 3.527758618039069649e-01 3.773294125937533550e-01 7.561101751504881729e-01 4.581911064590000193e-01 5.251023977982047786e-01 5.330976599370161884e-01 4.560180912424554034e-01 6.339887714178512601e-01 3.142930169379629657e-01 4.384824271061470435e-01 4.928045429373597019e-01 5.312271534267706263e-01 3.486991090247205105e-01 4.461318338064435007e-01 3.381385933275039557e-01 5.856250364060660019e-01 4.232529799083444844e-01 2.023712244803506921e-01 2.653441415228918188e-01 4.773553579849212913e-01 2.796066705385299445e-01 5.025903586640270149e-01 2.820894416236889857e-01 3.558925895494141622e-01 3.386628720611656873e-01 6.635589951941166520e-01 6.084326659204175591e-01 3.569566516449719784e-01 3.844115862194522615e-01 6.044299964813351078e-01
1.849241672889985755e-01 3.719724484723926916e-01 4.386213474059625916e-01 5.544526212048093150e-01 4.584740970998414378e-01 3.135660660560978252e-01 4.542130358540862889e-01 3.796137766675523051e-01 5.412114009609445553e-01 2.871599259202715637e-01 3.021478949409239223e-01 3.676420359496304080e-01 2.934465234234669428e-01 4.356001134136966435e-01 3.369565075134618448e-01 2.912750590198336376e-01 3.862047257346167828e-01 5.214156453639822164e-01 3.955519053764203208e-01 1.000000000000000000e+00 3.643482354619145824e-01 3.762856578637777116e-01 2.065304426112621050e-01 3.846692943557742939e-01 3.992268337062837569e-01 3.294862440953367222e-01 3.541429505946820933e-01 3.813232453750611262e-01 3.822578493080201478e-01 3.106456743596432979e-01 3.150493479731429347e-01 3.989095556549260846e-01 3.410198477855687638e-01 4.745324976934464645e-01 4.865055280084832345e-01 3.393525480610096179e-01 6.108670283807133838e-01 3.877780332424017318e-01 3.985689028021685010e-01 4.013499240088752584e-01 2.743833855796430909e-01 3.525915615567320471e-01 4.023908549184244676e-01 3.982267507989673549e-01 4.693311850838093324e-01 5.454948066809357510e-01 2.914212588134069137e-01 5.909875339117570681e-01 2.872687431248601153e-01 3.244954217828460719e-01 3.774494560962433076e-01 4.657433328050466503e-01 2.876544244592177946e-01 5.624086843109493694e-01 3.423632564483323204e-01 3.909255954204028938e-01 3.482110812739638295e-01 4.099038516913056651e-01 3.181937963422260540e-01 3.488167943973843332e-01 2.599356791325236338e-01 3.123220819249750146e-01 3.964916139224246017e-01 2.894543687713364566e-01 4.680307743941827248e-01 5.165769625023183265e-01 4.484443138619998437e-01 2.168823505160296372e-01 2.849114309056130501e-01 5.177339178927455876e-01
2.466434717946079658e-01 4.411057298967193119e-01 4.185038089040758469e-01 5.218004303197389948e-01 5.439414021682145162e-01 3.580983320924979729e-01 4.332391631667121823e-01 3.873511867080801085e-01 4.191489076747504927e-01 2.345850239813296323e-01 4.472484282170531844e-01 4.246570894555104503e-01 2.437110002993929103e-01 3.972942549298343340e-01 4.322837913322261638e-01 2.854575635352268881e-01 2.315129553588110289e-01 2.037792034908690875e-01 6.119500322714860330e-01 3.643482354619145824e-01 1.000000000000000000e+00 7.368438474093733648e-01 3.452509371265003457e-01 4.502327988382349155e-01 3.290063398348841983e-01 1.895082878113365510e-01 2.527369550400164200e-01 3.166508400036289750e-01 2.615642554544662657e-01 3.055146816025748335e-01 3.772573641896622698e-01 3.457003792411979526e-01 4.718951296750837909e-01 5.434647845519440246e-01 3.579851143694788851e-01 8.358188971234032927e-01 4.433646061739140998e-01 6.343243137250350605e-01 4.178279125754813528e-01 3.277596490148784181e-01 3.958117826888506996e-01 2.045406796769507762e-01 6.054702078008759036e-01 3.813686885926397818e-01 4.362821356258457794e-01 4.881304463226715518e-01 2.923009505234258620e-01 4.836677637814958963e-01 4.976008296890203075e-01 3.903300883585175129e-01 4.281086288743118362e-01 4.018982648704603200e-01 3.588596026004722828e-01 4.124485665963147918e-01 3.568065370287834548e-01 7.241891959459282324e-01 4.339462414905222443e-01 2.161534376687507808e-01 2.445711855664158552e-01 4.503479807882332930e-01 6.049079278561458883e-01 6.028492813708015152e-01 3.643948941735826730e-01 1.194051079617570454e-01 2.901003531146238990e-01 5.576342901703176258e-01 3.850344915212604024e-01 4.118994994704072155e-01 2.508316088317078529e-01 5.201714620750446105e-01
2.137778261120725498e-01 4.656160406767604898e-01 3.750068412283957264e-01 6.030353755675965655e-01 5.645466359786373012e-01 4.262840052377870337e-01 6.237515640364854619e-01 4.674816107484096595e-01 4.839412190729441843e-01 3.358549267092461044e-01 5.598665921580739946e-01 5.140341647583364093e-01 2.701409690327499780e-01 4.486713030449695494e-01 4.916360910231729608e-01 2.847227361288481862e-01 2.139286658068585423e-01 2.274465664314292146e-01 6.638711282657624446e-01 3.762856578637777116e-01 7.368438474093733648e-01 1.000000000000000000e+00 3.807995152213501378e-01 4.467576341908434112e-01 3.926229688660269335e-01 2.164941881972081705e-01 2.949463883822914800e-01 2.999477544851628097e-01 2.872856204065228347e-01 2.502959403762802792e-01 3.742004223603176416e-01 4.268365045603048635e-01 5.598654633835030703e-01 5.866550021115148894e-01 3.648894423920324148e-01 6.574051978570969457e-01 4.607677293726464285e-01 7.330765273972065232e-01 4.792887169864340491e-01 3.673432513477053463e-01 4.837296369255033035e-01 1.956717779555737780e-01 6.204720110941613909e-01 4.334598337504020349e-01 5.512937394894763532e-01 6.424027168229704543e-01 2.827097889814821352e-01 4.950018461364297795e-01 4.022818310203005177e-01 4.949434902054835606e-01 4.510843876624576754e-01 4.802968391553938954e-01 4.182368481391176007e-01 4.994987425779044976e-01 3.647188440592434855e-01 6.522496468620616605e-01 4.137791346154782723e-01 2.567754011407272774e-01 2.779365201323115153e-01 5.794350761815016959e-01 4.587317400594757011e-01 4.268990465421074187e-01 4.565783960550969245e-01 1.338001662101576672e-01 2.957236792204482878e-01 6.212441721441909204e-01 3.912334524332672925e-01 4.883229167557928685e-01 2.416083390472356374e-01 5.676108078083381692e-01
