1.000000000000000000e+00 5.612267439466728236e-01 7.984480134641300797e-01 6.702701771946755205e-01 5.543025877986863525e-01 6.088439068240085739e-01 7.159969780687702734e-01 6.212426142008938834e-01 6.193505609428393566e-01 5.572390488096867767e-01 4.310263072080540159e-01 7.965223347568788359e-01 5.859221305678906644e-01 5.999989573607400484e-01 2.988855242281351909e-01 6.968204711500308735e-01 5.137356168298636838e-01 6.427930860391277701e-01 6.074377458887628700e-01 5.868796090323060710e-01 5.748342579361902516e-01 3.992405676179157092e-01 5.119315744324454132e-01 4.557784727688986015e-01 5.170463706960880534e-01 5.712544595015635052e-01 5.989092889858320667e-01 6.773216959258629988e-01 2.951425599939525024e-01 6.585132125937498415e-01 5.540132696041546456e-01 3.613911713386092628e-01 4.918217226275700127e-01 5.372865113544028626e-01 6.607569869772876858e-01 4.976672451708955558e-01 7.245856311676490691e-01 5.349912932259553999e-01 4.416332314126158454e-01 4.617648953206877072e-01
5.612267439466728236e-01 1.000000000000000000e+00 4.727658837627556898e-01 6.106188524725446598e-01 3.937033304943732825e-01 5.767712510327601683e-01 5.465788876021998588e-01 4.714931035415793059e-01 5.629484454643147728e-01 5.444314063623473254e-01 5.338920059760483561e-01 5.402920803618928014e-01 4.456026127899982980e-01 3.914284894117060487e-01 4.025318440896981098e-01 5.720056694516610918e-01 3.646103904995723344e-01 4.169852565597140792e-01 5.499057956077868514e-01 4.541683356384441095e-01 5.591143902091125772e-01 4.127829773647102574e-01 5.174549903198029099e-01 4.105712664326817696e-01 3.544321382155236067e-01 5.899175776953318184e-01 4.901957118503305066e-01 4.446431003006272586e-01 5.421159618399075120e-01 3.945627280609963483e-01 4.549221104310093855e-01 5.529218847904924239e-01 4.009966872286996886e-01 4.882451422116985129e-01 3.859355529805910678e-01 3.892557376926727986e-01 5.395928625508666920e-01 3.698544172425400900e-01 3.295030817121822331e-01 3.396754027639583007e-01
7.984480134641300797e-01 4.727658837627556898e-01 1.000000000000000000e+00 4.888135331487031832e-01 5.026812203379542598e-01 5.254473652322545485e-01 6.194336968306479729e-01 5.535940553305116474e-01 3.998167514307961468e-01 4.408228225354487995e-01 2.669503460937770467e-01 7.956219945346195699e-01 4.804210697144513098e-01 4.100630606051330895e-01 1.564346814054494716e-01 5.815126389001605833e-01 4.233012368111171431e-01 5.899674296356410830e-01 5.088677621290770281e-01 4.585943084129197600e-01 4.335174267190070041e-01 3.119814475229446549e-01 4.391079886478841954e-01 3.335516032035313327e-01 4.810558589645140826e-01 3.827454061301158728e-01 5.569144213745689243e-01 6.456514240094261003e-01 2.565697754224754989e-01 5.729467284069734712e-01 3.254314612678784746e-01 2.573660170231100719e-01 2.650926685451273634e-01 5.155920997437878350e-01 6.040222962646637495e-01 3.236524251599285362e-01 6.504490688180976088e-01 5.219626755824579023e-01 4.051498501325203061e-01 3.293348724610975498e-01
6.702701771946755205e-01 6.106188524725446598e-01 4.888135331487031832e-01 1.000000000000000000e+00 4.804573768017345037e-01 4.756591573297723197e-01 6.253389714796638854e-01 5.382965967050888922e-01 6.930164015402815458e-01 6.411833207971392445e-01 4.559404153990284092e-01 5.640488768287456045e-01 5.567635693626783455e-01 5.943305573613977266e-01 3.864762120367821185e-01 5.445140916744213300e-01 4.887028304506943477e-01 6.175443324748649543e-01 5.239915375173994638e-01 4.577855660557826889e-01 5.846261628422171341e-01 6.114955918721427519e-01 5.211185127103969972e-01 3.975698396948753599e-01 5.981915337828911383e-01 6.444794652545479119e-01 4.538551595988025711e-01 5.191513176470101687e-01 3.621203351906568391e-01 6.500219948941753367e-01 5.267959854613305515e-01 5.616033434817778724e-01 4.919796617351257506e-01 4.485041817650532447e-01 5.622393017530731285e-01 4.836625129812774926e-01 6.144151902233615514e-01 3.041981084617084719e-01 3.553368224755595883e-01 4.173641773966859647e-01
5.543025877986863525e-01 3.937033304943732825e-01 5.026812203379542598e-01 4.804573768017345037e-01 1.000000000000000000e+00 4.446763490638844796e-01 7.456456257648873542e-01 8.039809419771871690e-01 5.952204106902738712e-01 2.966873948258438309e-01 3.530252136264889762e-01 6.812973992628608144e-01 5.312176886254595942e-01 5.582197281582165216e-01 2.053740531350127518e-01 5.574806218225638599e-01 7.927944134304020229e-01 5.668679508648523102e-01 5.233511213187546085e-01 5.680147062211415854e-01 4.827469867143245885e-01 3.570859075465432353e-01 4.744804745364964438e-01 3.753734081197456773e-01 4.366843910481725821e-01 5.545619471508522746e-01 4.483064641451120491e-01 5.791997940798520039e-01 2.665878522391628702e-01 5.790497563569002581e-01 4.477428634759852422e-01 1.619820901029346005e-01 3.738377927919605548e-01 4.655068082982686817e-01 5.441832790562513011e-01 3.722999909401885077e-01 6.239079490053149879e-01 5.632946708606945130e-01 4.559476604094612751e-01 2.550158242244311979e-01
6.088439068240085739e-01 5.767712510327601683e-01 5.254473652322545485e-01 4.756591573297723197e-01 4.446763490638844796e-01 1.000000000000000000e+00 5.059842892757552280e-01 4.927411373641529257e-01 6.047716262541650289e-01 3.569917222729483974e-01 5.087261145108388227e-01 5.667858067370610264e-01 5.385925418488869409e-01 3.206558906854656277e-01 2.896431350575799368e-01 7.121160464758315989e-01 3.678865987711534835e-01 4.107523175159690787e-01 5.708118632003941206e-01 5.644420255708897383e-01 6.410842542097168195e-01 2.801026402886964140e-01 5.923886219191056846e-01 6.298557277115780506e-01 3.058803170922688719e-01 4.463467180037880566e-01 5.083139767431485989e-01 4.264556363091691060e-01 2.864915636184590109e-01 3.971625709858035425e-01 5.279261195005424678e-01 3.126675838041921285e-01 4.567951782555584872e-01 5.556500783076590011e-01 3.854691795095251949e-01 5.091042793033391245e-01 5.985090213477419763e-01 4.789480668424379584e-01 4.341459208965189887e-01 3.636762329954879025e-01
7.159969780687702734e-01 5.465788876021998588e-01 6.194336968306479729e-01 6.253389714796638854e-01 7.456456257648873542e-01 5.059842892757552280e-01 1.000000000000000000e+00 8.575333130054996200e-01 6.700683848616910687e-01 4.498118856421485234e-01 4.402461627024198410e-01 7.824591596964550755e-01 5.235343403401149232e-01 6.809505115208216441e-01 2.908164434805971532e-01 5.851891675229267120e-01 7.454208291344542880e-01 7.460579359548846767e-01 6.879877216857586131e-01 5.394287317702537443e-01 6.077364599471306583e-01 4.677186294685597989e-01 5.447295579988953307e-01 3.893644993763266671e-01 5.643805845869334092e-01 6.688219190087798527e-01 6.422064662344953989e-01 7.534434295392838932e-01 3.589160722575444606e-01 6.721552347707719921e-01 5.553857578545096096e-01 2.973009545070197657e-01 5.017790506006697404e-01 5.862017232113415632e-01 6.744431214775477024e-01 4.314725587975745680e-01 7.376276867126795311e-01 5.199025755434382168e-01 4.064426830927880818e-01 3.410579787332326251e-01
6.212426142008938834e-01 4.714931035415793059e-01 5.535940553305116474e-01 5.382965967050888922e-01 8.039809419771871690e-01 4.927411373641529257e-01 8.575333130054996200e-01 1.000000000000000000e+00 6.183856854645735091e-01 3.653191709968922618e-01 3.994937021961441626e-01 7.413211185317685192e-01 5.387540751930546268e-01 5.737142369533755337e-01 2.584432147753374931e-01 5.794374636875294637e-01 7.671505750151145220e-01 6.350868920635365233e-01 6.472935565161034299e-01 5.478840466300556322e-01 5.537864322986497667e-01 4.061790061369600635e-01 5.304741904951653098e-01 3.985577704273933208e-01 4.673294143074835927e-01 6.015891993730164700e-01 5.720923159057773599e-01 6.976316649183681440e-01 2.708916134847400570e-01 6.188803852397632976e-01 5.100910936935572071e-01 2.155441588385107465e-01 4.405810898725067704e-01 5.518795017731289443e-01 6.163417678669386168e-01 4.011486156785845636e-01 7.061283165088351188e-01 5.648457441092116227e-01 4.513531991641562269e-01 3.090105166740351739e-01
6.193505609428393566e-01 5.629484454643147728e-01 3.998167514307961468e-01 6.930164015402815458e-01 5.952204106902738712e-01 6.047716262541650289e-01 6.700683848616910687e-01 6.183856854645735091e-01 1.000000000000000000e+00 4.202392919870376331e-01 6.326569370168989570e-01 5.715678673724692294e-01 6.156530329150150527e-01 6.292738517463748460e-01 4.259704845673605300e-01 6.698404382526724765e-01 5.246525461934106183e-01 4.859774345043490484e-01 6.405343915232104557e-01 6.519871618232834232e-01 8.201711223455683264e-01 3.975314385249023030e-01 6.238103833138582965e-01 5.694553495565625179e-01 3.565602382638348167e-01 7.130539392175871960e-01 4.648082890658800648e-01 4.927295765468238664e-01 3.498441114451807943e-01 4.740599259319591696e-01 7.535675300617670214e-01 3.741443261711662194e-01 7.952133835372312554e-01 4.900281787078080153e-01 3.885231484279523251e-01 5.916706800016493517e-01 6.557071655541958366e-01 4.144097168475960324e-01 3.902025742688136623e-01 4.099731239720016962e-01
5.572390488096867767e-01 5.444314063623473254e-01 4.408228225354487995e-01 6.411833207971392445e-01 2.966873948258438309e-01 3.569917222729483974e-01 4.498118856421485234e-01 3.653191709968922618e-01 4.202392919870376331e-01 1.000000000000000000e+00 3.212559695829604323e-01 4.520645848698678915e-01 4.351823967964241757e-01 4.461899009609497369e-01 2.849313050504302947e-01 4.000687400784663228e-01 3.352114901695097404e-01 4.598863774090958811e-01 3.314357266517982681e-01 3.013771755520613937e-01 3.683771338775871929e-01 3.645905285560931408e-01 3.375726842708805520e-01 2.960946517790993826e-01 3.780064027441145114e-01 4.604283289158976333e-01 3.614563349059490838e-01 4.243907654571160704e-01 3.135367695653786813e-01 5.095678500017819523e-01 3.477881379330319822e-01 6.000400677365452795e-01 3.136309777508500818e-01 3.367882015500816562e-01 4.141274160387885539e-01 3.574404776689816821e-01 4.627892664702485948e-01 2.459868070553660191e-01 3.090564364281628840e-01 3.562327318539166288e-01
4.310263072080540159e-01 5.338920059760483561e-01 2.669503460937770467e-01 4.559404153990284092e-01 3.530252136264889762e-01 5.087261145108388227e-01 4.402461627024198410e-01 3.994937021961441626e-01 6.326569370168989570e-01 3.212559695829604323e-01 1.000000000000000000e+00 3.841299073805158892e-01 3.966434722326759310e-01 3.487133620721056815e-01 4.708452015793803680e-01 4.902549482051237195e-01 3.341272393445612332e-01 2.934384432444552826e-01 4.896121441945522346e-01 4.476440893850279767e-01 6.002271698763589347e-01 2.943154538778638418e-01 4.494944463167039328e-01 4.843123875558111302e-01 2.001939667415892354e-01 5.025635964540375866e-01 3.846572831416672500e-01 2.808424072701528607e-01 3.121026130670550569e-01 3.101572544070200776e-01 6.457219367774267305e-01 3.817557613103187975e-01 5.968307753892569956e-01 4.194957307482845565e-01 2.474483892337581148e-01 4.151844826020730794e-01 4.530773187482959874e-01 3.155220181686906322e-01 2.721629945617641821e-01 3.964969825120617242e-01
7.965223347568788359e-01 5.402920803618928014e-01 7.956219945346195699e-01 5.640488768287456045e-01 6.812973992628608144e-01 5.667858067370610264e-01 7.824591596964550755e-01 7.413211185317685192e-01 5.715678673724692294e-01 4.520645848698678915e-01 3.841299073805158892e-01 1.000000000000000000e+00 6.004924330521600462e-01 5.211580274735397866e-01 2.592689857674956300e-01 6.937135979599226010e-01 5.846217155944060107e-01 6.257618793567653048e-01 6.418035963043260406e-01 5.987461195138918946e-01 5.386436886886971642e-01 4.152586742534408737e-01 5.404496335553025110e-01 4.121763048479475389e-01 4.860492418676179982e-01 5.689507818493866331e-01 6.562705735767935256e-01 7.331495164464701952e-01 2.901688636374364916e-01 6.281211881614952031e-01 4.665873998932908995e-01 2.588664849544211610e-01 3.970522072480979214e-01 5.949224670271403559e-01 6.550577154655523593e-01 4.275189738809938578e-01 8.006152364320064940e-01 5.948444841892218671e-01 5.079865386768699365e-01 3.908177711003527066e-01
5.859221305678906644e-01 4.456026127899982980e-01 4.804210697144513098e-01 5.567635693626783455e-01 5.312176886254595942e-01 5.385925418488869409e-01 5.235343403401149232e-01 5.387540751930546268e-01 6.156530329150150527e-01 4.351823967964241757e-01 3.966434722326759310e-01 6.004924330521600462e-01 1.000000000000000000e+00 4.568151534199055286e-01 2.378409348694117409e-01 5.575323600369561650e-01 4.225942884396002852e-01 4.491525333386854890e-01 5.090210185122397979e-01 4.921653856684057859e-01 5.451188294683467772e-01 3.301444453995091566e-01 5.824856241556198855e-01 4.762041469383313519e-01 3.515814840682313647e-01 4.429521891859703464e-01 4.826975288120207153e-01 5.525080045455692535e-01 2.230105013216607535e-01 5.138843923843566808e-01 4.540843697548400670e-01 2.842209098635846143e-01 4.132212762853557098e-01 5.035652913447165036e-01 4.371496217931377104e-01 6.941339720587074158e-01 6.913957009713957991e-01 3.859712524041819526e-01 7.222718815120727776e-01 3.592303046506912789e-01
5.999989573607400484e-01 3.914284894117060487e-01 4.100630606051330895e-01 5.943305573613977266e-01 5.582197281582165216e-01 3.206558906854656277e-01 6.809505115208216441e-01 5.737142369533755337e-01 6.292738517463748460e-01 4.461899009609497369e-01 3.487133620721056815e-01 5.211580274735397866e-01 4.568151534199055286e-01 1.000000000000000000e+00 2.473961475652106112e-01 4.055210095206147058e-01 6.336150833004754457e-01 6.612647407109142339e-01 4.531349126374134562e-01 4.182856184189728266e-01 4.856124376886796212e-01 4.048281277091758112e-01 3.784145294101484147e-01 2.774983316092895502e-01 4.998725639287016076e-01 5.550473124350671084e-01 3.763546784742907714e-01 5.002272268601730687e-01 2.735390349420492306e-01 5.948383770521448177e-01 5.143134898162388113e-01 2.665877339246288114e-01 5.320414378234812336e-01 3.365421493452473989e-01 5.702693665598396189e-01 4.346182409678137071e-01 5.271854965341984389e-01 3.216903588769761679e-01 2.961590332984687657e-01 2.889996267365130267e-01
2.988855242281351909e-01 4.025318440896981098e-01 1.564346814054494716e-01 3.864762120367821185e-01 2.053740531350127518e-01 2.896431350575799368e-01 2.908164434805971532e-01 2.584432147753374931e-01 4.259704845673605300e-01 2.849313050504302947e-01 4.708452015793803680e-01 2.592689857674956300e-01 2.378409348694117409e-01 2.473961475652106112e-01 1.000000000000000000e+00 3.240278353752559792e-01 1.847810794570702020e-01 1.725788664924554905e-01 2.974802112832505285e-01 2.888194670463599123e-01 3.852998447105500102e-01 2.390476821726797152e-01 2.861690159689851409e-01 2.712633444242485981e-01 1.213831810509161530e-01 4.205537335722689951e-01 2.222611629028019564e-01 1.884327458454988780e-01 2.394788945490158583e-01 1.721336148882869899e-01 4.053180143880120156e-01 3.874136647251500976e-01 3.913640696814034703e-01 2.403092981063204570e-01 1.383980970896535045e-01 2.581105222449692760e-01 2.760540285287098605e-01 1.538910592468122618e-01 1.230442160491244386e-01 2.672303435426804374e-01
6.968204711500308735e-01 5.720056694516610918e-01 5.815126389001605833e-01 5.445140916744213300e-01 5.574806218225638599e-01 7.121160464758315989e-01 5.851891675229267120e-01 5.794374636875294637e-01 6.698404382526724765e-01 4.000687400784663228e-01 4.902549482051237195e-01 6.937135979599226010e-01 5.575323600369561650e-01 4.055210095206147058e-01 3.240278353752559792e-01 1.000000000000000000e+00 4.745222031381878258e-01 4.584547576340237129e-01 6.012196091244365048e-01 7.975395037130077469e-01 6.239453853763471392e-01 3.469350711800210929e-01 5.824350582255841680e-01 5.582342062658773862e-01 3.701884116247575740e-01 5.792297088453647325e-01 5.287072909325560843e-01 4.644372740130668364e-01 3.054561974473906094e-01 4.690559686411744367e-01 5.790717182613248637e-01 3.159125329650129266e-01 4.971149782550317031e-01 5.320521407281367798e-01 4.357583117908295223e-01 4.456780403585618999e-01 6.898562173040347911e-01 6.638804044779146318e-01 4.630080935313818924e-01 4.098724396059388875e-01
5.137356168298636838e-01 3.646103904995723344e-01 4.233012368111171431e-01 4.887028304506943477e-01 7.927944134304020229e-01 3.678865987711534835e-01 7.454208291344542880e-01 7.671505750151145220e-01 5.246525461934106183e-01 3.352114901695097404e-01 3.341272393445612332e-01 5.846217155944060107e-01 4.225942884396002852e-01 6.336150833004754457e-01 1.847810794570702020e-01 4.745222031381878258e-01 1.000000000000000000e+00 6.628826651117668556e-01 5.017295165627296827e-01 4.868921955969895965e-01 4.382206054655896077e-01 3.939323007819999778e-01 3.937703041179393404e-01 3.027734073019145433e-01 5.430630175002246762e-01 5.579667947865672994e-01 4.258237801170254300e-01 5.055336815928211935e-01 2.482489544525243452e-01 6.522643664776593964e-01 4.522910696202510628e-01 1.781839357893485187e-01 3.705575136623708299e-01 4.210991525015092551e-01 6.158266094851316819e-01 3.340371405976466090e-01 5.496161933337031513e-01 4.778003455425233748e-01 3.601922639243204105e-01 2.201355277894429807e-01
6.427930860391277701e-01 4.169852565597140792e-01 5.899674296356410830e-01 6.175443324748649543e-01 5.668679508648523102e-01 4.107523175159690787e-01 7.460579359548846767e-01 6.350868920635365233e-01 4.859774345043490484e-01 4.598863774090958811e-01 2.934384432444552826e-01 6.257618793567653048e-01 4.491525333386854890e-01 6.612647407109142339e-01 1.725788664924554905e-01 4.584547576340237129e-01 6.628826651117668556e-01 1.000000000000000000e+00 5.201894925590209162e-01 4.427527400960070136e-01 4.512530863981031870e-01 5.145488498097126051e-01 4.352639367300525364e-01 2.853845723315880378e-01 7.181908339515510331e-01 4.677322740463261130e-01 5.038288777599250201e-01 5.970597401961136308e-01 2.781827459873588149e-01 7.280384230044154581e-01 3.907057497536657320e-01 2.564654568119806854e-01 3.385480114493831238e-01 4.746877640477593641e-01 7.294322140689076805e-01 3.419899855147914280e-01 6.080078158121718923e-01 3.855005947409486655e-01 3.239840169259736169e-01 3.021899171123245686e-01
6.074377458887628700e-01 5.499057956077868514e-01 5.088677621290770281e-01 5.239915375173994638e-01 5.233511213187546085e-01 5.708118632003941206e-01 6.879877216857586131e-01 6.472935565161034299e-01 6.405343915232104557e-01 3.314357266517982681e-01 4.896121441945522346e-01 6.418035963043260406e-01 5.090210185122397979e-01 4.531349126374134562e-01 2.974802112832505285e-01 6.012196091244365048e-01 5.017295165627296827e-01 5.201894925590209162e-01 1.000000000000000000e+00 5.395142460146452601e-01 7.108730299432209909e-01 3.858664683131042272e-01 6.438860815565620177e-01 4.433573253958680294e-01 3.574630904519859320e-01 6.005645506916930110e-01 6.443335285111801980e-01 5.488541083840747792e-01 3.089208687203063297e-01 4.713361427780785040e-01 5.530722870926044754e-01 2.858888750072841045e-01 5.253213110789173301e-01 6.639028321158606527e-01 4.373710051236318619e-01 4.421123887987368217e-01 6.718266153947061170e-01 4.673350867161438771e-01 3.825524121135256972e-01 3.576139602052272881e-01
5.868796090323060710e-01 4.541683356384441095e-01 4.585943084129197600e-01 4.577855660557826889e-01 5.680147062211415854e-01 5.644420255708897383e-01 5.394287317702537443e-01 5.478840466300556322e-01 6.519871618232834232e-01 3.013771755520613937e-01 4.476440893850279767e-01 5.987461195138918946e-01 4.921653856684057859e-01 4.182856184189728266e-01 2.888194670463599123e-01 7.975395037130077469e-01 4.868921955969895965e-01 4.427527400960070136e-01 5.395142460146452601e-01 1.000000000000000000e+00 5.749757440353189253e-01 3.309349590431176491e-01 5.404452256119227638e-01 4.825863001045396228e-01 3.520400346860945717e-01 5.213958776222388236e-01 4.440604138993205496e-01 3.924224891470975418e-01 2.816137687428208469e-01 4.333025999734033684e-01 5.007454972383355019e-01 2.153429053692457185e-01 4.597502865035684172e-01 4.547298539412487628e-01 3.945838545728836966e-01 3.475657291952831685e-01 6.155907963930382643e-01 6.271818842845877651e-01 3.984023249044532644e-01 3.434589472832437207e-01
5.748342579361902516e-01 5.591143902091125772e-01 4.335174267190070041e-01 5.846261628422171341e-01 4.827469867143245885e-01 6.410842542097168195e-01 6.077364599471306583e-01 5.537864322986497667e-01 8.201711223455683264e-01 3.683771338775871929e-01 6.002271698763589347e-01 5.386436886886971642e-01 5.451188294683467772e-01 4.856124376886796212e-01 3.852998447105500102e-01 6.239453853763471392e-01 4.382206054655896077e-01 4.512530863981031870e-01 7.108730299432209909e-01 5.749757440353189253e-01 1.000000000000000000e+00 3.626186659379320720e-01 7.100694287728110954e-01 5.643626476923607749e-01 3.084724819483737335e-01 6.246398976068221476e-01 5.118777139280916710e-01 4.492478261292496278e-01 3.521337348727805461e-01 4.122311967116041864e-01 6.625867867407468914e-01 3.656897288392381151e-01 7.164913816913349720e-01 5.589191037952194741e-01 3.302842371306211056e-01 5.409331567285189379e-01 6.294868811648832718e-01 4.088563118656893813e-01 3.637666456556302719e-01 3.643236021889698084e-01
3.992405676179157092e-01 4.127829773647102574e-01 3.119814475229446549e-01 6.114955918721427519e-01 3.570859075465432353e-01 2.801026402886964140e-01 4.677186294685597989e-01 4.061790061369600635e-01 3.975314385249023030e-01 3.645905285560931408e-01 2.943154538778638418e-01 4.152586742534408737e-01 3.301444453995091566e-01 4.048281277091758112e-01 2.390476821726797152e-01 3.469350711800210929e-01 3.939323007819999778e-01 5.145488498097126051e-01 3.858664683131042272e-01 3.309349590431176491e-01 3.626186659379320720e-01 1.000000000000000000e+00 3.508378626605073158e-01 2.159481095017755925e-01 4.496820873432566534e-01 4.397883285122095587e-01 3.331399400724667781e-01 3.456336168238865469e-01 2.854525610921087031e-01 4.701804993876881333e-01 2.804165565872110966e-01 3.078235610817174339e-01 2.447353694610743813e-01 3.128234293057082782e-01 4.077475429478740754e-01 2.035190165257657890e-01 4.213786207739488310e-01 1.919363586494073348e-01 2.214323092500392054e-01 2.977863115291415341e-01
5.119315744324454132e-01 5.174549903198029099e-01 4.391079886478841954e-01 5.211185127103969972e-01 4.744804745364964438e-01 5.923886219191056846e-01 5.447295579988953307e-01 5.304741904951653098e-01 6.238103833138582965e-01 3.375726842708805520e-01 4.494944463167039328e-01 5.404496335553025110e-01 5.824856241556198855e-01 3.784145294101484147e-01 2.861690159689851409e-01 5.824350582255841680e-01 3.937703041179393404e-01 4.352639367300525364e-01 6.438860815565620177e-01 5.404452256119227638e-01 7.100694287728110954e-01 3.508378626605073158e-01 1.000000000000000000e+00 4.796561091744142580e-01 3.192840223478312645e-01 4.752780836516184437e-01 5.425020778217650719e-01 4.354864700399469490e-01 3.370664116302591329e-01 4.004680059882086418e-01 4.512611907201818373e-01 3.228026315189509998e-01 4.392307341338665405e-01 6.424479186040430445e-01 3.491921646473878371e-01 4.705067654405153399e-01 6.400941598466681759e-01 4.184471880461109183e-01 4.323407890243942120e-01 3.012639517917325982e-01
4.557784727688986015e-01 4.105712664326817696e-01 3.335516032035313327e-01 3.975698396948753599e-01 3.753734081197456773e-01 6.298557277115780506e-01 3.893644993763266671e-01 3.985577704273933208e-01 5.694553495565625179e-01 2.960946517790993826e-01 4.843123875558111302e-01 4.121763048479475389e-01 4.762041469383313519e-01 2.774983316092895502e-01 2.712633444242485981e-01 5.582342062658773862e-01 3.027734073019145433e-01 2.853845723315880378e-01 4.433573253958680294e-01 4.825863001045396228e-01 5.643626476923607749e-01 2.159481095017755925e-01 4.796561091744142580e-01 1.000000000000000000e+00 1.879585907807366785e-01 3.728891646514063685e-01 3.484914740339867256e-01 3.344356847551241407e-01 2.206106642248267802e-01 2.920431137001553434e-01 5.245619205833470522e-01 2.743328994362119189e-01 4.789399503090102650e-01 4.008442830621739006e-01 2.432367756144744597e-01 4.358059607648008260e-01 4.648364267769108937e-01 3.705992840791583198e-01 3.556677571921461611e-01 3.479067511622059294e-01
5.170463706960880534e-01 3.544321382155236067e-01 4.810558589645140826e-01 5.981915337828911383e-01 4.366843910481725821e-01 3.058803170922688719e-01 5.643805845869334092e-01 4.673294143074835927e-01 3.565602382638348167e-01 3.780064027441145114e-01 2.001939667415892354e-01 4.860492418676179982e-01 3.515814840682313647e-01 4.998725639287016076e-01 1.213831810509161530e-01 3.701884116247575740e-01 5.430630175002246762e-01 7.181908339515510331e-01 3.574630904519859320e-01 3.520400346860945717e-01 3.084724819483737335e-01 4.496820873432566534e-01 3.192840223478312645e-01 1.879585907807366785e-01 1.000000000000000000e+00 3.709857079680672354e-01 4.035493450961508688e-01 4.518422872427977910e-01 2.433096778987797748e-01 7.008546699109559075e-01 2.525731080780436177e-01 2.254172836456616591e-01 1.833610322906504553e-01 3.534190486807950449e-01 7.225604736368816949e-01 2.484032521251454406e-01 4.847124663221417662e-01 3.100089671959295190e-01 2.526339039274351217e-01 2.226621294295463571e-01
5.712544595015635052e-01 5.899175776953318184e-01 3.827454061301158728e-01 6.444794652545479119e-01 5.545619471508522746e-01 4.463467180037880566e-01 6.688219190087798527e-01 6.015891993730164700e-01 7.130539392175871960e-01 4.604283289158976333e-01 5.025635964540375866e-01 5.689507818493866331e-01 4.429521891859703464e-01 5.550473124350671084e-01 4.205537335722689951e-01 5.792297088453647325e-01 5.579667947865672994e-01 4.677322740463261130e-01 6.005645506916930110e-01 5.213958776222388236e-01 6.246398976068221476e-01 4.397883285122095587e-01 4.752780836516184437e-01 3.728891646514063685e-01 3.709857079680672354e-01 1.000000000000000000e+00 4.282068013139805895e-01 4.467659872057492265e-01 3.708761730268106960e-01 4.796968809484862817e-01 5.765860268355421647e-01 4.057023366036333067e-01 5.708667465484242864e-01 4.444685379834252825e-01 3.889586904579960258e-01 3.676356592846927729e-01 5.700193685527666920e-01 3.920237046953873317e-01 3.014434688240122395e-01 3.533755697084361991e-01
5.989092889858320667e-01 4.901957118503305066e-01 5.569144213745689243e-01 4.538551595988025711e-01 4.483064641451120491e-01 5.083139767431485989e-01 6.422064662344953989e-01 5.720923159057773599e-01 4.648082890658800648e-01 3.614563349059490838e-01 3.846572831416672500e-01 6.562705735767935256e-01 4.826975288120207153e-01 3.763546784742907714e-01 2.222611629028019564e-01 5.287072909325560843e-01 4.258237801170254300e-01 5.038288777599250201e-01 6.443335285111801980e-01 4.440604138993205496e-01 5.118777139280916710e-01 3.331399400724667781e-01 5.425020778217650719e-01 3.484914740339867256e-01 4.035493450961508688e-01 4.282068013139805895e-01 1.000000000000000000e+00 5.899097417939368482e-01 2.536424453891205633e-01 4.646787173438470253e-01 3.991988197903181268e-01 2.469070309527772178e-01 3.411635123021056204e-01 6.406128671131675612e-01 4.912130001797683776e-01 3.908650599735793429e-01 6.680944824962538053e-01 4.705916097758136574e-01 3.910652960152255497e-01 3.080955677918531532e-01
6.773216959258629988e-01 4.446431003006272586e-01 6.456514240094261003e-01 5.191513176470101687e-01 5.791997940798520039e-01 4.264556363091691060e-01 7.534434295392838932e-01 6.976316649183681440e-01 4.927295765468238664e-01 4.243907654571160704e-01 2.808424072701528607e-01 7.331495164464701952e-01 5.525080045455692535e-01 5.002272268601730687e-01 1.884327458454988780e-01 4.644372740130668364e-01 5.055336815928211935e-01 5.970597401961136308e-01 5.488541083840747792e-01 3.924224891470975418e-01 4.492478261292496278e-01 3.456336168238865469e-01 4.354864700399469490e-01 3.344356847551241407e-01 4.518422872427977910e-01 4.467659872057492265e-01 5.899097417939368482e-01 1.000000000000000000e+00 2.202045937220457050e-01 5.746343848136514776e-01 4.009537883802707370e-01 2.272260101276638855e-01 3.697736066574401348e-01 4.883925549321538329e-01 6.097170491887057286e-01 4.334277790863538815e-01 6.914761478846023213e-01 4.295771517646001514e-01 4.274747360720049238e-01 3.316933620754130008e-01
2.951425599939525024e-01 5.421159618399075120e-01 2.565697754224754989e-01 3.621203351906568391e-01 2.665878522391628702e-01 2.864915636184590109e-01 3.589160722575444606e-01 2.708916134847400570e-01 3.498441114451807943e-01 3.135367695653786813e-01 3.121026130670550569e-01 2.901688636374364916e-01 2.230105013216607535e-01 2.735390349420492306e-01 2.394788945490158583e-01 3.054561974473906094e-01 2.482489544525243452e-01 2.781827459873588149e-01 3.089208687203063297e-01 2.816137687428208469e-01 3.521337348727805461e-01 2.854525610921087031e-01 3.370664116302591329e-01 2.206106642248267802e-01 2.433096778987797748e-01 3.708761730268106960e-01 2.536424453891205633e-01 2.202045937220457050e-01 1.000000000000000000e+00 2.463062345931771036e-01 2.256613965344401729e-01 4.166225040927219458e-01 2.288084735270241032e-01 3.071621939552131031e-01 2.127693728776859639e-01 1.999256513463096852e-01 2.828759632756174813e-01 2.131952848504642950e-01 1.586516092969472158e-01 1.351589620868338948e-01
6.585132125937498415e-01 3.945627280609963483e-01 5.729467284069734712e-01 6.500219948941753367e-01 5.790497563569002581e-01 3.971625709858035425e-01 6.721552347707719921e-01 6.188803852397632976e-01 4.740599259319591696e-01 5.095678500017819523e-01 3.101572544070200776e-01 6.281211881614952031e-01 5.138843923843566808e-01 5.948383770521448177e-01 1.721336148882869899e-01 4.690559686411744367e-01 6.522643664776593964e-01 7.280384230044154581e-01 4.713361427780785040e-01 4.333025999734033684e-01 4.122311967116041864e-01 4.701804993876881333e-01 4.004680059882086418e-01 2.920431137001553434e-01 7.008546699109559075e-01 4.796968809484862817e-01 4.646787173438470253e-01 5.746343848136514776e-01 2.463062345931771036e-01 1.000000000000000000e+00 3.870604748919845295e-01 2.722037641755967186e-01 3.087292548160655570e-01 4.287851504305117967e-01 7.649548795649626642e-01 3.940515663987472772e-01 6.006885129690263669e-01 4.156035267051328419e-01 4.005146284860561234e-01 3.236082722180285143e-01
5.540132696041546456e-01 4.549221104310093855e-01 3.254314612678784746e-01 5.267959854613305515e-01 4.477428634759852422e-01 5.279261195005424678e-01 5.553857578545096096e-01 5.100910936935572071e-01 7.535675300617670214e-01 3.477881379330319822e-01 6.457219367774267305e-01 4.665873998932908995e-01 4.540843697548400670e-01 5.143134898162388113e-01 4.053180143880120156e-01 5.790717182613248637e-01 4.522910696202510628e-01 3.907057497536657320e-01 5.530722870926044754e-01 5.007454972383355019e-01 6.625867867407468914e-01 2.804165565872110966e-01 4.512611907201818373e-01 5.245619205833470522e-01 2.525731080780436177e-01 5.765860268355421647e-01 3.991988197903181268e-01 4.009537883802707370e-01 2.256613965344401729e-01 3.870604748919845295e-01 1.000000000000000000e+00 3.006670255358004362e-01 8.308238953738095178e-01 4.063526054757163886e-01 3.317825947730230762e-01 5.163217411646791044e-01 4.925254654349523475e-01 3.629469669855919789e-01 3.194766976019552396e-01 4.485633393747208708e-01
3.613911713386092628e-01 5.529218847904924239e-01 2.573660170231100719e-01 5.616033434817778724e-01 1.619820901029346005e-01 3.126675838041921285e-01 2.973009545070197657e-01 2.155441588385107465e-01 3.741443261711662194e-01 6.000400677365452795e-01 3.817557613103187975e-01 2.588664849544211610e-01 2.842209098635846143e-01 2.665877339246288114e-01 3.874136647251500976e-01 3.159125329650129266e-01 1.781839357893485187e-01 2.564654568119806854e-01 2.858888750072841045e-01 2.153429053692457185e-01 3.656897288392381151e-01 3.078235610817174339e-01 3.228026315189509998e-01 2.743328994362119189e-01 2.254172836456616591e-01 4.057023366036333067e-01 2.469070309527772178e-01 2.272260101276638855e-01 4.166225040927219458e-01 2.722037641755967186e-01 3.006670255358004362e-01 1.000000000000000000e+00 2.906651391300666409e-01 2.624800826838364909e-01 2.057932588591243894e-01 2.519117666175932357e-01 2.997847069254901964e-01 1.285967537117689019e-01 1.719926217840782590e-01 2.653331306475727458e-01
4.918217226275700127e-01 4.009966872286996886e-01 2.650926685451273634e-01 4.919796617351257506e-01 3.738377927919605548e-01 4.567951782555584872e-01 5.017790506006697404e-01 4.405810898725067704e-01 7.952133835372312554e-01 3.136309777508500818e-01 5.968307753892569956e-01 3.970522072480979214e-01 4.132212762853557098e-01 5.320414378234812336e-01 3.913640696814034703e-01 4.971149782550317031e-01 3.705575136623708299e-01 3.385480114493831238e-01 5.253213110789173301e-01 4.597502865035684172e-01 7.164913816913349720e-01 2.447353694610743813e-01 4.392307341338665405e-01 4.789399503090102650e-01 1.833610322906504553e-01 5.708667465484242864e-01 3.411635123021056204e-01 3.697736066574401348e-01 2.288084735270241032e-01 3.087292548160655570e-01 8.308238953738095178e-01 2.906651391300666409e-01 1.000000000000000000e+00 3.498359657136898004e-01 2.490370401043194015e-01 4.793046043511426380e-01 4.639139617131723403e-01 2.976294869538245735e-01 2.381201960969963893e-01 3.952758580271988342e-01
5.372865113544028626e-01 4.882451422116985129e-01 5.155920997437878350e-01 4.485041817650532447e-01 4.655068082982686817e-01 5.556500783076590011e-01 5.862017232113415632e-01 5.518795017731289443e-01 4.900281787078080153e-01 3.367882015500816562e-01 4.194957307482845565e-01 5.949224670271403559e-01 5.035652913447165036e-01 3.365421493452473989e-01 2.403092981063204570e-01 5.320521407281367798e-01 4.210991525015092551e-01 4.746877640477593641e-01 6.639028321158606527e-01 4.547298539412487628e-01 5.589191037952194741e-01 3.128234293057082782e-01 6.424479186040430445e-01 4.008442830621739006e-01 3.534190486807950449e-01 4.444685379834252825e-01 6.406128671131675612e-01 4.883925549321538329e-01 3.071621939552131031e-01 4.287851504305117967e-01 4.063526054757163886e-01 2.624800826838364909e-01 3.498359657136898004e-01 1.000000000000000000e+00 4.232359344628544573e-01 3.841861245077164977e-01 6.321196845561872779e-01 4.336780006234017826e-01 4.015296638614151981e-01 3.099440548924163874e-01
6.607569869772876858e-01 3.859355529805910678e-01 6.040222962646637495e-01 5.622393017530731285e-01 5.441832790562513011e-01 3.854691795095251949e-01 6.744431214775477024e-01 6.163417678669386168e-01 3.885231484279523251e-01 4.141274160387885539e-01 2.474483892337581148e-01 6.550577154655523593e-01 4.371496217931377104e-01 5.702693665598396189e-01 1.383980970896535045e-01 4.357583117908295223e-01 6.158266094851316819e-01 7.294322140689076805e-01 4.373710051236318619e-01 3.945838545728836966e-01 3.302842371306211056e-01 4.077475429478740754e-01 3.491921646473878371e-01 2.432367756144744597e-01 7.225604736368816949e-01 3.889586904579960258e-01 4.912130001797683776e-01 6.097170491887057286e-01 2.127693728776859639e-01 7.649548795649626642e-01 3.317825947730230762e-01 2.057932588591243894e-01 2.490370401043194015e-01 4.232359344628544573e-01 1.000000000000000000e+00 3.293716151326613883e-01 5.858911572748568553e-01 4.223280840380725376e-01 3.611601259377369422e-01 3.074906190232819525e-01
4.976672451708955558e-01 3.892557376926727986e-01 3.236524251599285362e-01 4.836625129812774926e-01 3.722999909401885077e-01 5.091042793033391245e-01 4.314725587975745680e-01 4.011486156785845636e-01 5.916706800016493517e-01 3.574404776689816821e-01 4.151844826020730794e-01 4.275189738809938578e-01 6.941339720587074158e-01 4.346182409678137071e-01 2.581105222449692760e-01 4.456780403585618999e-01 3.340371405976466090e-01 3.419899855147914280e-01 4.421123887987368217e-01 3.475657291952831685e-01 5.409331567285189379e-01 2.035190165257657890e-01 4.705067654405153399e-01 4.358059607648008260e-01 2.484032521251454406e-01 3.676356592846927729e-01 3.908650599735793429e-01 4.334277790863538815e-01 1.999256513463096852e-01 3.940515663987472772e-01 5.163217411646791044e-01 2.519117666175932357e-01 4.793046043511426380e-01 3.841861245077164977e-01 3.293716151326613883e-01 1.000000000000000000e+00 5.363342374582322769e-01 2.921359519164423713e-01 4.969536762080957182e-01 2.969864416577299160e-01
7.245856311676490691e-01 5.395928625508666920e-01 6.504490688180976088e-01 6.144151902233615514e-01 6.239079490053149879e-01 5.985090213477419763e-01 7.376276867126795311e-01 7.061283165088351188e-01 6.557071655541958366e-01 4.627892664702485948e-01 4.530773187482959874e-01 8.006152364320064940e-01 6.913957009713957991e-01 5.271854965341984389e-01 2.760540285287098605e-01 6.898562173040347911e-01 5.496161933337031513e-01 6.080078158121718923e-01 6.718266153947061170e-01 6.155907963930382643e-01 6.294868811648832718e-01 4.213786207739488310e-01 6.400941598466681759e-01 4.648364267769108937e-01 4.847124663221417662e-01 5.700193685527666920e-01 6.680944824962538053e-01 6.914761478846023213e-01 2.828759632756174813e-01 6.006885129690263669e-01 4.925254654349523475e-01 2.997847069254901964e-01 4.639139617131723403e-01 6.321196845561872779e-01 5.858911572748568553e-01 5.363342374582322769e-01 1.000000000000000000e+00 5.681110652957381824e-01 5.153948149226607045e-01 3.932761897235511617e-01
5.349912932259553999e-01 3.698544172425400900e-01 5.219626755824579023e-01 3.041981084617084719e-01 5.632946708606945130e-01 4.789480668424379584e-01 5.199025755434382168e-01 5.648457441092116227e-01 4.144097168475960324e-01 2.459868070553660191e-01 3.155220181686906322e-01 5.948444841892218671e-01 3.859712524041819526e-01 3.216903588769761679e-01 1.538910592468122618e-01 6.638804044779146318e-01 4.778003455425233748e-01 3.855005947409486655e-01 4.673350867161438771e-01 6.271818842845877651e-01 4.088563118656893813e-01 1.919363586494073348e-01 4.184471880461109183e-01 3.705992840791583198e-01 3.100089671959295190e-01 3.920237046953873317e-01 4.705916097758136574e-01 4.295771517646001514e-01 2.131952848504642950e-01 4.156035267051328419e-01 3.629469669855919789e-01 1.285967537117689019e-01 2.976294869538245735e-01 4.336780006234017826e-01 4.223280840380725376e-01 2.921359519164423713e-01 5.681110652957381824e-01 1.000000000000000000e+00 3.874556194900051764e-01 2.506470351352227954e-01
4.416332314126158454e-01 3.295030817121822331e-01 4.051498501325203061e-01 3.553368224755595883e-01 4.559476604094612751e-01 4.341459208965189887e-01 4.064426830927880818e-01 4.513531991641562269e-01 3.902025742688136623e-01 3.090564364281628840e-01 2.721629945617641821e-01 5.079865386768699365e-01 7.222718815120727776e-01 2.961590332984687657e-01 1.230442160491244386e-01 4.630080935313818924e-01 3.601922639243204105e-01 3.239840169259736169e-01 3.825524121135256972e-01 3.984023249044532644e-01 3.637666456556302719e-01 2.214323092500392054e-01 4.323407890243942120e-01 3.556677571921461611e-01 2.526339039274351217e-01 3.014434688240122395e-01 3.910652960152255497e-01 4.274747360720049238e-01 1.586516092969472158e-01 4.005146284860561234e-01 3.194766976019552396e-01 1.719926217840782590e-01 2.381201960969963893e-01 4.015296638614151981e-01 3.611601259377369422e-01 4.969536762080957182e-01 5.153948149226607045e-01 3.874556194900051764e-01 1.000000000000000000e+00 2.651802114210995431e-01
4.617648953206877072e-01 3.396754027639583007e-01 3.293348724610975498e-01 4.173641773966859647e-01 2.550158242244311979e-01 3.636762329954879025e-01 3.410579787332326251e-01 3.090105166740351739e-01 4.099731239720016962e-01 3.562327318539166288e-01 3.964969825120617242e-01 3.908177711003527066e-01 3.592303046506912789e-01 2.889996267365130267e-01 2.672303435426804374e-01 4.098724396059388875e-01 2.201355277894429807e-01 3.021899171123245686e-01 3.576139602052272881e-01 3.434589472832437207e-01 3.643236021889698084e-01 2.977863115291415341e-01 3.012639517917325982e-01 3.479067511622059294e-01 2.226621294295463571e-01 3.533755697084361991e-01 3.080955677918531532e-01 3.316933620754130008e-01 1.351589620868338948e-01 3.236082722180285143e-01 4.485633393747208708e-01 2.653331306475727458e-01 3.952758580271988342e-01 3.099440548924163874e-01 3.074906190232819525e-01 2.969864416577299160e-01 3.932761897235511617e-01 2.506470351352227954e-01 2.651802114210995431e-01 1.000000000000000000e+00
