1.000000000000000000e+00 6.954450176391621108e-01 6.424243011046738561e-01 6.194909840461088057e-01 6.874758092637869300e-01 5.554317048231139919e-01 5.795070446327998948e-01 6.071855221207883568e-01 8.447043502275037863e-01 6.428304529699989667e-01 7.091752345716774153e-01 7.374810537682937595e-01 5.846533536683566901e-01 4.805143178531043890e-01 4.030147189754348380e-01 5.444278456840168090e-01 5.633053574285856735e-01 8.243766973060270287e-01 5.423068178847626486e-01 5.853159889748117406e-01
6.954450176391621108e-01 1.000000000000000000e+00 6.803115072563972188e-01 6.516677742155502218e-01 6.102164033748169736e-01 6.942535711819490807e-01 5.523918025811834775e-01 6.157440011405486135e-01 6.722407941195553960e-01 5.471465810746000136e-01 5.221952386981025818e-01 7.856071305966457752e-01 6.017869769562156357e-01 6.104540240419917829e-01 4.998703882367614981e-01 5.899653019671398102e-01 3.317528856194115749e-01 5.995103840873479140e-01 4.496827462307771972e-01 5.594721722300186606e-01
6.424243011046738561e-01 6.803115072563972188e-01 1.000000000000000000e+00 6.925960767218309888e-01 6.181776898688725597e-01 7.504039554288478575e-01 7.714077749952887864e-01 7.251200867913677461e-01 4.995666783447190173e-01 5.570666402352810742e-01 6.462936764179709748e-01 7.816876183355424557e-01 7.737932611164073382e-01 6.513997156938349242e-01 6.188404981360072776e-01 8.369243606332186225e-01 3.566772372940906766e-01 6.476187383650898743e-01 4.680092181243874494e-01 6.622987864230541755e-01
6.194909840461088057e-01 6.516677742155502218e-01 6.925960767218309888e-01 1.000000000000000000e+00 5.803311035223164271e-01 6.960301034786966490e-01 5.796515886194388845e-01 5.705295566233029581e-01 4.952883838272832961e-01 4.451926600511718068e-01 6.250241168349855991e-01 6.592416336819223455e-01 8.438096505048410245e-01 5.803744600422886535e-01 5.106495121013774341e-01 6.036050350607415904e-01 3.780414137994113633e-01 7.478441068921756196e-01 3.413979659926853483e-01 6.876402106285151028e-01
6.874758092637869300e-01 6.102164033748169736e-01 6.181776898688725597e-01 5.803311035223164271e-01 1.000000000000000000e+00 5.571506337294773736e-01 5.445059410508100717e-01 5.708349384369381108e-01 5.445235573749008795e-01 4.391074472807088847e-01 6.262636157467988962e-01 5.803543127847937688e-01 5.908322585085078460e-01 5.573289839930185563e-01 4.369128731327012183e-01 5.891361231466634152e-01 3.289781082441883275e-01 6.149941594315384563e-01 4.195468103176317465e-01 7.827264639070820040e-01
5.554317048231139919e-01 6.942535711819490807e-01 7.504039554288478575e-01 6.960301034786966490e-01 5.571506337294773736e-01 1.000000000000000000e+00 6.127927165117147412e-01 6.486922527648207870e-01 4.379677893365681030e-01 3.705403646154802888e-01 5.272792950671443268e-01 6.992695042311771747e-01 7.541063295164032176e-01 8.080476988278177952e-01 7.741870960925685274e-01 6.705183480843480703e-01 2.848102982960143414e-01 5.403144520172351584e-01 3.388581613433591655e-01 5.685165009893925481e-01
5.795070446327998948e-01 5.523918025811834775e-01 7.714077749952887864e-01 5.796515886194388845e-01 5.445059410508100717e-01 6.127927165117147412e-01 1.000000000000000000e+00 7.634182389208764574e-01 4.207493674993888488e-01 4.948550090365026466e-01 7.245511063822661635e-01 6.447419319465299559e-01 6.385486138709509651e-01 5.451989019768720413e-01 5.376933176861361519e-01 7.038433025049180003e-01 3.407962411087752663e-01 5.994004887506578783e-01 4.639604597537295150e-01 6.212587609660200627e-01
6.071855221207883568e-01 6.157440011405486135e-01 7.251200867913677461e-01 5.705295566233029581e-01 5.708349384369381108e-01 6.486922527648207870e-01 7.634182389208764574e-01 1.000000000000000000e+00 4.953531559732360923e-01 4.038789518644408383e-01 5.945371344405478986e-01 5.891887489805978095e-01 6.182497121635094350e-01 5.891151887852914548e-01 6.004431412105775134e-01 6.798905463931387283e-01 3.285924450538120767e-01 5.404531015815593475e-01 4.502936822938629069e-01 5.599449998307719500e-01
8.447043502275037863e-01 6.722407941195553960e-01 4.995666783447190173e-01 4.952883838272832961e-01 5.445235573749008795e-01 4.379677893365681030e-01 4.207493674993888488e-01 4.953531559732360923e-01 1.000000000000000000e+00 5.378221363406944233e-01 5.105884572329434379e-01 5.608260645229227181e-01 4.596639879391451466e-01 3.660386931144454792e-01 3.058113952108417744e-01 4.517102877658252247e-01 5.164395051806408565e-01 6.558795216354232904e-01 4.598144796793344757e-01 4.318991433524642098e-01
6.428304529699989667e-01 5.471465810746000136e-01 5.570666402352810742e-01 4.451926600511718068e-01 4.391074472807088847e-01 3.705403646154802888e-01 4.948550090365026466e-01 4.038789518644408383e-01 5.378221363406944233e-01 1.000000000000000000e+00 5.681222290217159410e-01 6.612311769584165999e-01 4.012513186206561056e-01 3.072087717345935998e-01 2.119454282335924145e-01 3.955479777425204291e-01 5.030120494148001553e-01 6.242961951567859158e-01 4.586683971277950023e-01 4.587920628799926903e-01
7.091752345716774153e-01 5.221952386981025818e-01 6.462936764179709748e-01 6.250241168349855991e-01 6.262636157467988962e-01 5.272792950671443268e-01 7.245511063822661635e-01 5.945371344405478986e-01 5.105884572329434379e-01 5.681222290217159410e-01 1.000000000000000000e+00 6.349199635627590377e-01 5.925336924600542732e-01 4.254438735299640451e-01 3.654759301736412724e-01 5.700735740558434683e-01 4.870991272014708051e-01 8.006725097479536757e-01 4.543797580920079238e-01 6.997236920878833200e-01
7.374810537682937595e-01 7.856071305966457752e-01 7.816876183355424557e-01 6.592416336819223455e-01 5.803543127847937688e-01 6.992695042311771747e-01 6.447419319465299559e-01 5.891887489805978095e-01 5.608260645229227181e-01 6.612311769584165999e-01 6.349199635627590377e-01 1.000000000000000000e+00 6.487739070524589646e-01 6.216442186657828994e-01 5.159565216587388425e-01 6.355295584446125634e-01 3.991769371175077907e-01 7.014793136375356841e-01 4.942215759702138222e-01 5.876246764139217982e-01
5.846533536683566901e-01 6.017869769562156357e-01 7.737932611164073382e-01 8.438096505048410245e-01 5.908322585085078460e-01 7.541063295164032176e-01 6.385486138709509651e-01 6.182497121635094350e-01 4.596639879391451466e-01 4.012513186206561056e-01 5.925336924600542732e-01 6.487739070524589646e-01 1.000000000000000000e+00 6.368071905129540911e-01 6.143261096416617884e-01 7.387757090151704231e-01 3.478814710706871205e-01 6.500154519051025703e-01 3.625548685897460044e-01 6.790112308469467006e-01
4.805143178531043890e-01 6.104540240419917829e-01 6.513997156938349242e-01 5.803744600422886535e-01 5.573289839930185563e-01 8.080476988278177952e-01 5.451989019768720413e-01 5.891151887852914548e-01 3.660386931144454792e-01 3.072087717345935998e-01 4.254438735299640451e-01 6.216442186657828994e-01 6.368071905129540911e-01 1.000000000000000000e+00 7.648527483778465585e-01 5.933914928486838658e-01 1.794416347982515370e-01 4.115635109993360241e-01 3.485911718754373112e-01 5.188058781108579876e-01
4.030147189754348380e-01 4.998703882367614981e-01 6.188404981360072776e-01 5.106495121013774341e-01 4.369128731327012183e-01 7.741870960925685274e-01 5.376933176861361519e-01 6.004431412105775134e-01 3.058113952108417744e-01 2.119454282335924145e-01 3.654759301736412724e-01 5.159565216587388425e-01 6.143261096416617884e-01 7.648527483778465585e-01 1.000000000000000000e+00 5.984813096462923143e-01 1.605892241009559962e-01 3.452198864988857974e-01 3.218836266046751771e-01 4.423887556609784055e-01
5.444278456840168090e-01 5.899653019671398102e-01 8.369243606332186225e-01 6.036050350607415904e-01 5.891361231466634152e-01 6.705183480843480703e-01 7.038433025049180003e-01 6.798905463931387283e-01 4.517102877658252247e-01 3.955479777425204291e-01 5.700735740558434683e-01 6.355295584446125634e-01 7.387757090151704231e-01 5.933914928486838658e-01 5.984813096462923143e-01 1.000000000000000000e+00 2.903395214075560338e-01 5.300343864313377118e-01 4.326500546692331750e-01 6.395390636217430647e-01
5.633053574285856735e-01 3.317528856194115749e-01 3.566772372940906766e-01 3.780414137994113633e-01 3.289781082441883275e-01 2.848102982960143414e-01 3.407962411087752663e-01 3.285924450538120767e-01 5.164395051806408565e-01 5.030120494148001553e-01 4.870991272014708051e-01 3.991769371175077907e-01 3.478814710706871205e-01 1.794416347982515370e-01 1.605892241009559962e-01 2.903395214075560338e-01 1.000000000000000000e+00 5.482974956984540960e-01 3.414619456187456548e-01 3.248960315700311630e-01
8.243766973060270287e-01 5.995103840873479140e-01 6.476187383650898743e-01 7.478441068921756196e-01 6.149941594315384563e-01 5.403144520172351584e-01 5.994004887506578783e-01 5.404531015815593475e-01 6.558795216354232904e-01 6.242961951567859158e-01 8.006725097479536757e-01 7.014793136375356841e-01 6.500154519051025703e-01 4.115635109993360241e-01 3.452198864988857974e-01 5.300343864313377118e-01 5.482974956984540960e-01 1.000000000000000000e+00 4.378917570953219651e-01 6.531766571515688069e-01
5.423068178847626486e-01 4.496827462307771972e-01 4.680092181243874494e-01 3.413979659926853483e-01 4.195468103176317465e-01 3.388581613433591655e-01 4.639604597537295150e-01 4.502936822938629069e-01 4.598144796793344757e-01 4.586683971277950023e-01 4.543797580920079238e-01 4.942215759702138222e-01 3.625548685897460044e-01 3.485911718754373112e-01 3.218836266046751771e-01 4.326500546692331750e-01 3.414619456187456548e-01 4.378917570953219651e-01 1.000000000000000000e+00 4.102661222970471200e-01
5.853159889748117406e-01 5.594721722300186606e-01 6.622987864230541755e-01 6.876402106285151028e-01 7.827264639070820040e-01 5.685165009893925481e-01 6.212587609660200627e-01 5.599449998307719500e-01 4.318991433524642098e-01 4.587920628799926903e-01 6.997236920878833200e-01 5.876246764139217982e-01 6.790112308469467006e-01 5.188058781108579876e-01 4.423887556609784055e-01 6.395390636217430647e-01 3.248960315700311630e-01 6.531766571515688069e-01 4.102661222970471200e-01 1.000000000000000000e+00
