1.000000000000000000e+00 2.832612789647490636e-01 5.042142822030758476e-01 2.243427786027308857e-01 1.365534013956342385e-01 4.034632220828024973e-01 5.660238471245850889e-01 3.344864334460182498e-01 1.749836702121308485e-01 5.339093752294039597e-01 3.661434151939823023e-01 3.958372253933830631e-01 2.549423870097067835e-01 2.302339178501985051e-01 4.173347410279095726e-01 2.683680512547143016e-01 4.124040951248870157e-01 5.108544038451529046e-01 3.371974333268961121e-01 4.398577202108830408e-01 3.533065083736436907e-01 2.638102529796405582e-01 7.464069844939227316e-01 3.625660028506802468e-01 5.833690904674989630e-01 3.124424766319172098e-01 4.686944525811972406e-01 4.249417258766684524e-01 4.344221275414968386e-01 4.195970787674377922e-01 3.307254081282423042e-01 4.089575814442636403e-01 3.378882191888639142e-01 3.869623088777068287e-01 3.505673841200694363e-01 4.866403230959100989e-01 3.532426050439331777e-01 3.813164025514406141e-01 4.318671662584504523e-01 3.096607045616657783e-01 3.843755390254502413e-01 5.156177592442209301e-01 3.829912361630573026e-01 3.428370302456710816e-01 2.352022397499967943e-01 4.914860085791339372e-01 3.402532429133359182e-01 5.080011238086810099e-01 2.625528620060758045e-01 1.793573532865999076e-01
2.832612789647490636e-01 1.000000000000000000e+00 2.392865049573326131e-01 3.421529463308978225e-01 3.885238585114441090e-01 3.853564282643286432e-01 2.856769465015143172e-01 3.256920152633642207e-01 4.340203873690072212e-01 3.156747954371235676e-01 3.214418267879449176e-01 2.838391575108053511e-01 4.631613111767229340e-01 3.479793372361597581e-01 4.614124714608360267e-01 5.756161006249574941e-01 2.945672679102064873e-01 2.665836878467305326e-01 3.693328734596905139e-01 3.830718576674799203e-01 2.696485315757350953e-01 4.980575911602474481e-01 2.431232523209935770e-01 3.261758963123359001e-01 3.065053211152791168e-01 4.338727298213861383e-01 2.876348022277573913e-01 4.154916307295422051e-01 2.931062271174481038e-01 2.932775690694209847e-01 4.007553715489635127e-01 3.164190519796438172e-01 4.209932041653097201e-01 2.707343689207391546e-01 4.210337792439157178e-01 3.909474544357139925e-01 3.149866918309050523e-01 2.728821713995382425e-01 3.430719060480884042e-01 3.783972496551105125e-01 3.076257248995558635e-01 3.565606230910159380e-01 3.793441611867045538e-01 2.399034923332241109e-01 3.664161464539733015e-01 4.911997527612038672e-01 2.909310952480698154e-01 2.881847714755248480e-01 5.988975079305606242e-01 3.639965139907620495e-01
5.042142822030758476e-01 2.392865049573326131e-01 1.000000000000000000e+00 1.939715259242408840e-01 3.805966894178060556e-01 4.306306746485620840e-01 4.471785677831022765e-01 4.890189544002321864e-01 2.488192288806708174e-01 5.990080541134829017e-01 4.545670857533280484e-01 4.165232632662105305e-01 3.188293753655402907e-01 4.011815865656770952e-01 2.552471876549467500e-01 3.502455268746955119e-01 5.422269840514529760e-01 4.751356395880836359e-01 3.146190818432686442e-01 4.833416790935670115e-01 5.422707094303149677e-01 2.693454418146898899e-01 7.037798350680556370e-01 5.226368055067964757e-01 6.049673961827400914e-01 2.648116153771316594e-01 4.230862838185578956e-01 3.467085341233225870e-01 4.036445005548549014e-01 7.516118160275155891e-01 3.341439587775017483e-01 4.054573079260442858e-01 5.050393128958399203e-01 4.782871426751128530e-01 3.286312422695826796e-01 6.790831226362549211e-01 6.245933155354410626e-01 5.481267883051953449e-01 4.038001586500649109e-01 3.682890598066388410e-01 3.891421887563821236e-01 6.882031027359005737e-01 5.129306792094984191e-01 4.592948690738742901e-01 2.659272243989351248e-01 2.797399535104776458e-01 5.090666080703768470e-01 5.448784333156615478e-01 3.261128974539395653e-01 2.858373796484244833e-01
2.243427786027308857e-01 3.421529463308978225e-01 1.939715259242408840e-01 1.000000000000000000e+00 4.571725569523506505e-01 4.185864003366394637e-01 2.910609013685632185e-01 1.528225243486234231e-01 4.710097588490084197e-01 1.841990205072094600e-01 6.361619833420764092e-01 4.596419210379223408e-01 2.858071482142287567e-01 6.295308842362061785e-01 4.302757333723052358e-01 3.446272910702553038e-01 3.881599906735849204e-01 2.881248502030310243e-01 6.696741139342941018e-01 4.166657970473851558e-01 3.906978894771719335e-01 5.852251012560347743e-01 2.241024821663474553e-01 3.655489583611677973e-01 2.884460587323522396e-01 5.161318667572393215e-01 4.238486725677831912e-01 4.476158832745182337e-01 4.512209004734738516e-01 2.221526508138475797e-01 5.218525548634805888e-01 4.614687627527107039e-01 4.014346518846175216e-01 4.248115658445169585e-01 5.645486959120475934e-01 3.265239611854518498e-01 2.609975665176752502e-01 4.786840336223517900e-01 5.059855143466668315e-01 5.782600726716478068e-01 6.666207876843198710e-01 3.051531332411422381e-01 4.451657486242654449e-01 3.383585261201206285e-01 7.357350305348262509e-01 3.014144551408548534e-01 2.913060911852353718e-01 3.547843995628883196e-01 2.375818301334324811e-01 7.069459203743329034e-01
1.365534013956342385e-01 3.885238585114441090e-01 3.805966894178060556e-01 4.571725569523506505e-01 1.000000000000000000e+00 3.199353229699620216e-01 1.998825939377555372e-01 3.248555654658757952e-01 6.347729175029170889e-01 3.345239631121266211e-01 5.052186479895817151e-01 3.292707475835694453e-01 4.233540515164307405e-01 6.133430433617571564e-01 2.373705493700077329e-01 5.308577667034009018e-01 4.938062843811026337e-01 2.738788366068918290e-01 3.705709686526266200e-01 3.995911274020986781e-01 4.482494451864340035e-01 5.816778335857283322e-01 2.299923260094237087e-01 4.105557102491074195e-01 3.442765689401821039e-01 3.013963794979294675e-01 4.150615201451205993e-01 2.858845118093406024e-01 3.513983214292509261e-01 4.009622455160135046e-01 3.191731188033041233e-01 2.748335344228236554e-01 4.375862326386487644e-01 3.561025888975441478e-01 3.844556042636588788e-01 4.704164999400958780e-01 3.516810844997605434e-01 4.685374463724784055e-01 3.258548816999036202e-01 5.419866389345625590e-01 3.705347275041824262e-01 3.962169518025390191e-01 4.079798049540176441e-01 3.118881244218916216e-01 5.471062466670592039e-01 1.397585999579768479e-01 4.270543871291888616e-01 2.672447872726860796e-01 4.387350457261988690e-01 6.793026917449432878e-01
4.034632220828024973e-01 3.853564282643286432e-01 4.306306746485620840e-01 4.185864003366394637e-01 3.199353229699620216e-01 1.000000000000000000e+00 4.010422877951074772e-01 2.356138345749762275e-01 4.415456422680250070e-01 3.440354800552374304e-01 4.898629174304998113e-01 6.040925047551319871e-01 3.592880479564873886e-01 4.002497122008825681e-01 4.576126250145566843e-01 3.394098628175016841e-01 4.302913921766202132e-01 3.575796553079497175e-01 5.140441144620006009e-01 5.825416456501306683e-01 3.399831117283432236e-01 5.132560312153833237e-01 4.496501113332835309e-01 4.929988302666879485e-01 6.523926634394903168e-01 5.726072377285287285e-01 4.107430298865131779e-01 5.197521650480738664e-01 4.631771395436298788e-01 4.061625506877079572e-01 7.396564082580242561e-01 6.861023013151803518e-01 6.284091381588660097e-01 6.145501460016874473e-01 5.332867011355534315e-01 5.430136006338897037e-01 5.280634671818369430e-01 5.534220074187770066e-01 7.105237837665052680e-01 4.648428563577233774e-01 4.871892418650734524e-01 5.961301162629097927e-01 6.899543316405302162e-01 5.226299392249422748e-01 4.724011999400679618e-01 4.247820401307161875e-01 3.031216226821490389e-01 5.689525182127180836e-01 3.051175251581877967e-01 3.985365519958344316e-01
5.660238471245850889e-01 2.856769465015143172e-01 4.471785677831022765e-01 2.910609013685632185e-01 1.998825939377555372e-01 4.010422877951074772e-01 1.000000000000000000e+00 2.310190594186078972e-01 2.142819223715750065e-01 5.597441232198779870e-01 3.514796274414740407e-01 4.037952701126556465e-01 3.621704462250572298e-01 2.696170569852748278e-01 3.795623348844918143e-01 2.258044170685667151e-01 3.507493487135108223e-01 5.017161368312066383e-01 4.120332539445568099e-01 4.459730560361794272e-01 3.297586532002386162e-01 3.101658518994327429e-01 5.721473353658247385e-01 3.918899693358363079e-01 4.607064097438174355e-01 4.200168170108238286e-01 3.840027838892767220e-01 5.585428802189601472e-01 4.256200697227378038e-01 3.829775279079968286e-01 3.765153718112661529e-01 4.743923850239275541e-01 3.466391354454090856e-01 3.696432827322511105e-01 3.574281777565559981e-01 3.765443102510104278e-01 3.626824076203527536e-01 3.856394445895155454e-01 4.297329902396038182e-01 3.023888828528858985e-01 4.121558893963195858e-01 5.152658031230553659e-01 4.364331452204107120e-01 3.517103635169330778e-01 2.816496291101724392e-01 4.476929671496487351e-01 2.416670338717390731e-01 5.674568068093230888e-01 2.402944058079827527e-01 2.238278829235497147e-01
3.344864334460182498e-01 3.256920152633642207e-01 4.890189544002321864e-01 1.528225243486234231e-01 3.248555654658757952e-01 2.356138345749762275e-01 2.310190594186078972e-01 1.000000000000000000e+00 1.205317121625121141e-01 4.928030591679826711e-01 3.075457007801151166e-01 2.700813558291282335e-01 2.973979457642892954e-01 3.950629573454422228e-01 2.811203898150200220e-01 4.684301483928664522e-01 3.809164460372211902e-01 2.891148846573040054e-01 2.430847333762464479e-01 3.307240528633801357e-01 4.548103375938185033e-01 1.029736773384294923e-01 4.504482863677512494e-01 4.563817920934464256e-01 3.680258336976035549e-01 2.200946494564817169e-01 2.975194038637397620e-01 2.655580411285178855e-01 2.527472937528444374e-01 6.209300959108362550e-01 2.034004460054624763e-01 2.382221859297016242e-01 3.859933872922831632e-01 3.388637329365423723e-01 2.190401560573515816e-01 4.418270013991321132e-01 3.597950237832854836e-01 2.978171992133493151e-01 2.023178416038318161e-01 2.877661350165814924e-01 2.508661295666482771e-01 4.291852446039315927e-01 3.794451243567617538e-01 2.609676062908371508e-01 1.542615096550210563e-01 3.402909713259589797e-01 6.457510813498241742e-01 2.644930790924920339e-01 3.325039125869073131e-01 1.915493943640405594e-01
1.749836702121308485e-01 4.340203873690072212e-01 2.488192288806708174e-01 4.710097588490084197e-01 6.347729175029170889e-01 4.415456422680250070e-01 2.142819223715750065e-01 1.205317121625121141e-01 1.000000000000000000e+00 2.173712503193207801e-01 3.993776792381866225e-01 3.270334906479941961e-01 3.806041556176047447e-01 3.991320044653957066e-01 3.036937603175590694e-01 4.401230328208855513e-01 3.479784190690452528e-01 2.125789222896387054e-01 3.529235582717050179e-01 3.419779994761052433e-01 2.406940328651054617e-01 7.300498394207549646e-01 1.790571178085621495e-01 2.923476015922664151e-01 3.296010451877039449e-01 3.563285263501443922e-01 3.440104401003823420e-01 3.107454512456100937e-01 3.062867249656859303e-01 2.165302193877901848e-01 4.032982023155919915e-01 3.307901898923413797e-01 4.362275634870563801e-01 2.873077206832528319e-01 4.526684776966402035e-01 4.234820754466365189e-01 3.238458632426415296e-01 3.606703884462950649e-01 3.661475351201652906e-01 4.845340331233087272e-01 3.505157177262221979e-01 3.487260814904888928e-01 3.959423626656465856e-01 2.717565517133397335e-01 5.617550414742147336e-01 2.274668889340869804e-01 2.058983999197602222e-01 2.657535904611598720e-01 4.935632219373244367e-01 5.827296976520784932e-01
5.339093752294039597e-01 3.156747954371235676e-01 5.990080541134829017e-01 1.841990205072094600e-01 3.345239631121266211e-01 3.440354800552374304e-01 5.597441232198779870e-01 4.928030591679826711e-01 2.173712503193207801e-01 1.000000000000000000e+00 3.649570105352939464e-01 3.410405851496589036e-01 4.487003189408938497e-01 3.296278885957124594e-01 2.756873656176077048e-01 4.122794826683963132e-01 4.512615575694298720e-01 4.065008273530104632e-01 3.204252312539134784e-01 4.260594681938906780e-01 4.000653269615106478e-01 2.056353184647475296e-01 6.404289444401886078e-01 5.152249769349723785e-01 5.075450402426093799e-01 2.651132835417081557e-01 3.731909517826691447e-01 3.700672904369788907e-01 3.437284778739074786e-01 6.097914262050483369e-01 2.645986820609265711e-01 3.458606675183517054e-01 3.763211096917392084e-01 3.441126809252219032e-01 2.873357248260535179e-01 5.143355788968384523e-01 3.967659369452505858e-01 3.724152132038902052e-01 2.973946791987545635e-01 3.482740596281221346e-01 3.086108237820265887e-01 5.800627469646362222e-01 4.494271113026544473e-01 3.662709144965451968e-01 2.330531399942902260e-01 3.425190521177657876e-01 4.675467677916009257e-01 4.617164109127393501e-01 3.744482034517910840e-01 2.257776092850853067e-01
3.661434151939823023e-01 3.214418267879449176e-01 4.545670857533280484e-01 6.361619833420764092e-01 5.052186479895817151e-01 4.898629174304998113e-01 3.514796274414740407e-01 3.075457007801151166e-01 3.993776792381866225e-01 3.649570105352939464e-01 1.000000000000000000e+00 5.755490334237447492e-01 2.784406617122417993e-01 7.583191144026861785e-01 3.377377925212031173e-01 3.904920918330570534e-01 6.026803266667305481e-01 3.297235389636218872e-01 5.665932856524470429e-01 5.427284626239746723e-01 6.033313087650362672e-01 4.537072313631629883e-01 4.261841152184469017e-01 6.026338007295088950e-01 4.254576169267181296e-01 4.746847722888910548e-01 5.862122674556777824e-01 3.739435541419765530e-01 4.754602234131731220e-01 4.744939594725346432e-01 5.414975567746186380e-01 4.871008184462307100e-01 5.178505095916802192e-01 6.559078366280517436e-01 6.939803252883796070e-01 4.461883485506956681e-01 4.494234298357958068e-01 7.470220745603487478e-01 6.371612978655170068e-01 7.438163718661120472e-01 8.554922477598571051e-01 5.096818654878920718e-01 5.403136783173059232e-01 5.915998419150960697e-01 7.132868008283556049e-01 2.769109394145528036e-01 4.758152045198578151e-01 4.478246692521157812e-01 2.488029431086218046e-01 6.198661886883450878e-01
3.958372253933830631e-01 2.838391575108053511e-01 4.165232632662105305e-01 4.596419210379223408e-01 3.292707475835694453e-01 6.040925047551319871e-01 4.037952701126556465e-01 2.700813558291282335e-01 3.270334906479941961e-01 3.410405851496589036e-01 5.755490334237447492e-01 1.000000000000000000e+00 3.581398502398923100e-01 4.861983203889088667e-01 3.658589959585386575e-01 3.123006489523860729e-01 5.012164005457548921e-01 3.284993547199139274e-01 4.782247938659085484e-01 6.189573127551373233e-01 4.696137476749896456e-01 3.992183274053994202e-01 4.640087137122323457e-01 5.725685953427468444e-01 5.283584885686422039e-01 4.960990386772818339e-01 5.530586096444931599e-01 4.300350967165710858e-01 4.920421778985890615e-01 3.928744244410444231e-01 5.507978266883192253e-01 5.332272879810383559e-01 5.881512458113836717e-01 7.111290466707701485e-01 5.599801487088010843e-01 4.772060449615674327e-01 4.032347355198965255e-01 6.524255020893646728e-01 7.162718146126096919e-01 5.510172508491342214e-01 5.898941682637218742e-01 5.317062094461258992e-01 6.671171346381380429e-01 5.244935172356948172e-01 4.664976154632076710e-01 3.057748884610431706e-01 3.654360998544101680e-01 4.828687897299809850e-01 2.019688041960007729e-01 3.934278693219589451e-01
2.549423870097067835e-01 4.631613111767229340e-01 3.188293753655402907e-01 2.858071482142287567e-01 4.233540515164307405e-01 3.592880479564873886e-01 3.621704462250572298e-01 2.973979457642892954e-01 3.806041556176047447e-01 4.487003189408938497e-01 2.784406617122417993e-01 3.581398502398923100e-01 1.000000000000000000e+00 3.048176306528561086e-01 2.852302824059020914e-01 4.967027775641386644e-01 3.332517783568275105e-01 2.985705787009445000e-01 3.541619493721375744e-01 4.364263205345664254e-01 2.361536172621709895e-01 3.998152474855288796e-01 3.254886950625650033e-01 3.952121672590564461e-01 3.666996529290300622e-01 3.950829773037184967e-01 3.542027455716531548e-01 3.832062202418394792e-01 3.393375402105170968e-01 3.296436016523026646e-01 3.256437932840568483e-01 3.285802706200043888e-01 3.836429546722661676e-01 2.547377235208467261e-01 3.229544026513607169e-01 4.085751625752681027e-01 2.667167042522510245e-01 2.974460883552622614e-01 3.188461898579530995e-01 3.498327829855898408e-01 2.918160776193536865e-01 4.315791214366754280e-01 3.943367464788603005e-01 2.183065372028457074e-01 3.303642031815861024e-01 2.793258863173082585e-01 2.488268967047955471e-01 3.548735690566570677e-01 4.200629758658239177e-01 3.418169411358295551e-01
2.302339178501985051e-01 3.479793372361597581e-01 4.011815865656770952e-01 6.295308842362061785e-01 6.133430433617571564e-01 4.002497122008825681e-01 2.696170569852748278e-01 3.950629573454422228e-01 3.991320044653957066e-01 3.296278885957124594e-01 7.583191144026861785e-01 4.861983203889088667e-01 3.048176306528561086e-01 1.000000000000000000e+00 3.127481311467004699e-01 4.548173816342290232e-01 6.016213464745283623e-01 2.861763242340092384e-01 5.451651916223468897e-01 4.449023959265195338e-01 6.569455940345048095e-01 4.270076739309242031e-01 3.039049769323663441e-01 5.833060375151394306e-01 3.343343538843822071e-01 4.288544471197221486e-01 4.621951127095578205e-01 3.497423534909650522e-01 3.941942981944294710e-01 4.668159237233427961e-01 4.806972806878268001e-01 4.116327565248281140e-01 5.248981533529682997e-01 6.099783032260116533e-01 5.705973147926038935e-01 4.454113081147832998e-01 4.597048063626571479e-01 6.442646267452238895e-01 5.291276617276973182e-01 6.439453708953064570e-01 6.516246160232830320e-01 4.083723747075210797e-01 4.845062929239399852e-01 5.480536419319321784e-01 6.110693399285156424e-01 2.208316916527288953e-01 5.329366191274583775e-01 3.526082656414316063e-01 2.835934528373398877e-01 6.570519547016867579e-01
4.173347410279095726e-01 4.614124714608360267e-01 2.552471876549467500e-01 4.302757333723052358e-01 2.373705493700077329e-01 4.576126250145566843e-01 3.795623348844918143e-01 2.811203898150200220e-01 3.036937603175590694e-01 2.756873656176077048e-01 3.377377925212031173e-01 3.658589959585386575e-01 2.852302824059020914e-01 3.127481311467004699e-01 1.000000000000000000e+00 3.208420898768528651e-01 4.284358306745953970e-01 4.174222596343957203e-01 6.214188283809058966e-01 4.375085787252128711e-01 3.776088946101348598e-01 4.491502894818865110e-01 4.385070565745464166e-01 3.382393674982507870e-01 4.960138774831599484e-01 5.555224870396484604e-01 4.271224973304793560e-01 6.084147339354539774e-01 5.159734248122038736e-01 3.010838017577308623e-01 5.065498088402601295e-01 5.522620845812259427e-01 3.939832380772850806e-01 3.617544206310224775e-01 4.257941920956613280e-01 4.232838744773615436e-01 3.318318256714283820e-01 3.250924010771706896e-01 4.455248563720917154e-01 3.418421368000841842e-01 4.103824061769613118e-01 3.893522321096479777e-01 3.961533601946847782e-01 3.094827446424671114e-01 3.644779888617640795e-01 6.799495093672922597e-01 3.533018812935597719e-01 4.761949040804012157e-01 3.515648501850985319e-01 3.005527665157047834e-01
2.683680512547143016e-01 5.756161006249574941e-01 3.502455268746955119e-01 3.446272910702553038e-01 5.308577667034009018e-01 3.394098628175016841e-01 2.258044170685667151e-01 4.684301483928664522e-01 4.401230328208855513e-01 4.122794826683963132e-01 3.904920918330570534e-01 3.123006489523860729e-01 4.967027775641386644e-01 4.548173816342290232e-01 3.208420898768528651e-01 1.000000000000000000e+00 4.047377742292248004e-01 2.462455039122480871e-01 3.669477730319734565e-01 3.829626571528171874e-01 3.908589044032017568e-01 4.092190869249250351e-01 3.062542715863312837e-01 4.457856264399035484e-01 3.195595838399208910e-01 3.736772606303479516e-01 3.568978320887415401e-01 3.268104637376050836e-01 2.820675336425600421e-01 4.280382570298644218e-01 3.429927044245667522e-01 2.524435278784753489e-01 4.351972466351455848e-01 3.248794346697846946e-01 3.634332188220497084e-01 4.494031873019963541e-01 3.412686160654864187e-01 3.435357802316573728e-01 2.977294089116857001e-01 4.889859044240531527e-01 3.040594825213829289e-01 3.746918000926992565e-01 3.587865093072171163e-01 2.775888388573028998e-01 3.939141799096477770e-01 3.186628422284755180e-01 4.482828987323692616e-01 2.251174205301458564e-01 5.734631950339771356e-01 4.170767298632029885e-01
4.124040951248870157e-01 2.945672679102064873e-01 5.422269840514529760e-01 3.881599906735849204e-01 4.938062843811026337e-01 4.302913921766202132e-01 3.507493487135108223e-01 3.809164460372211902e-01 3.479784190690452528e-01 4.512615575694298720e-01 6.026803266667305481e-01 5.012164005457548921e-01 3.332517783568275105e-01 6.016213464745283623e-01 4.284358306745953970e-01 4.047377742292248004e-01 1.000000000000000000e+00 3.289077731052107434e-01 5.030249425264133878e-01 5.434294038751844580e-01 7.333802849568187288e-01 3.762207016928927339e-01 5.612985927354811055e-01 6.029647896180843070e-01 5.730973722433932993e-01 3.625935618485998102e-01 6.548267530629514610e-01 3.614621158446499338e-01 5.767612488211828481e-01 5.804757126639806808e-01 3.954035094689312135e-01 4.358864621492777314e-01 5.639732604794889248e-01 6.182154819470918605e-01 4.993073083951447000e-01 6.277197621801973160e-01 5.432012459770541035e-01 6.695240336372293433e-01 5.044050680149281263e-01 5.452202053315243768e-01 4.960080526128411438e-01 5.109831173010974670e-01 5.094209028987699561e-01 6.092264385494179368e-01 4.589757275864874697e-01 3.241509583091614632e-01 6.113935336326037362e-01 4.088091618088873225e-01 2.877018422170382062e-01 4.803727026212842866e-01
5.108544038451529046e-01 2.665836878467305326e-01 4.751356395880836359e-01 2.881248502030310243e-01 2.738788366068918290e-01 3.575796553079497175e-01 5.017161368312066383e-01 2.891148846573040054e-01 2.125789222896387054e-01 4.065008273530104632e-01 3.297235389636218872e-01 3.284993547199139274e-01 2.985705787009445000e-01 2.861763242340092384e-01 4.174222596343957203e-01 2.462455039122480871e-01 3.289077731052107434e-01 1.000000000000000000e+00 4.532979138708905231e-01 4.328558287681101846e-01 3.025840083865410368e-01 2.869286444984805451e-01 5.432168653364479738e-01 2.759883106042831935e-01 4.969353180314469154e-01 3.461029946440117855e-01 4.212548481359699726e-01 5.783376919462893673e-01 5.384310367327891367e-01 3.678747956784447215e-01 3.660971678631501081e-01 4.665848432093989140e-01 3.188911330640893937e-01 3.189144704906874961e-01 2.896740996175136695e-01 3.713217709564499702e-01 3.174098229209498800e-01 3.787422288860527453e-01 4.174526747967369777e-01 2.760938521580443838e-01 4.335243630957182348e-01 4.508307046144018893e-01 3.193250558044233856e-01 2.359599782347622798e-01 2.659781842567867094e-01 3.869604636516593144e-01 2.263462017640081592e-01 6.659002622933707372e-01 2.546554979233131011e-01 2.238626586257979889e-01
3.371974333268961121e-01 3.693328734596905139e-01 3.146190818432686442e-01 6.696741139342941018e-01 3.705709686526266200e-01 5.140441144620006009e-01 4.120332539445568099e-01 2.430847333762464479e-01 3.529235582717050179e-01 3.204252312539134784e-01 5.665932856524470429e-01 4.782247938659085484e-01 3.541619493721375744e-01 5.451651916223468897e-01 6.214188283809058966e-01 3.669477730319734565e-01 5.030249425264133878e-01 4.532979138708905231e-01 1.000000000000000000e+00 4.998285481789823681e-01 4.933496626026467324e-01 4.767189445912941026e-01 3.853643953918436948e-01 4.681656673602974661e-01 4.515902847938915721e-01 6.128330807636380717e-01 5.049476281784565090e-01 5.915069644450086095e-01 6.527100236852428905e-01 3.356574142168450847e-01 6.080222707874894938e-01 6.308567845168967514e-01 4.499448712731565769e-01 4.866595778980580267e-01 5.128699720882241575e-01 3.821079619223126667e-01 3.826794481362289502e-01 5.268724012024391667e-01 5.979652168181569527e-01 5.179002548562534614e-01 6.275220473799693055e-01 4.179285598934578960e-01 4.782636910574515898e-01 4.482810836747352368e-01 5.363309119538052228e-01 4.442015882377950975e-01 3.785509004983093617e-01 5.324866901654311535e-01 2.778251095711758989e-01 4.610153875546078028e-01
4.398577202108830408e-01 3.830718576674799203e-01 4.833416790935670115e-01 4.166657970473851558e-01 3.995911274020986781e-01 5.825416456501306683e-01 4.459730560361794272e-01 3.307240528633801357e-01 3.419779994761052433e-01 4.260594681938906780e-01 5.427284626239746723e-01 6.189573127551373233e-01 4.364263205345664254e-01 4.449023959265195338e-01 4.375085787252128711e-01 3.829626571528171874e-01 5.434294038751844580e-01 4.328558287681101846e-01 4.998285481789823681e-01 1.000000000000000000e+00 4.654355521944810725e-01 4.376653706392418797e-01 5.230427838429203558e-01 5.728496344781833782e-01 5.906131374958123459e-01 5.064705361744364920e-01 6.554818655229796009e-01 5.181342137314345342e-01 5.700221382459697006e-01 4.723835473935595330e-01 5.489982759443114979e-01 5.687743554284037106e-01 5.748310241418707056e-01 6.161238437174841875e-01 5.470578301091220119e-01 5.432988033958631169e-01 4.095215498951403355e-01 5.988764350320611163e-01 6.415980258213742626e-01 5.150371219333478301e-01 5.560703883387370094e-01 6.499001825736178128e-01 6.449899063010944289e-01 4.942344225406420377e-01 4.678515751656736055e-01 3.655792629674574634e-01 4.082838973874401978e-01 5.451877895522395656e-01 3.592345598868574297e-01 4.155243487278359460e-01
3.533065083736436907e-01 2.696485315757350953e-01 5.422707094303149677e-01 3.906978894771719335e-01 4.482494451864340035e-01 3.399831117283432236e-01 3.297586532002386162e-01 4.548103375938185033e-01 2.406940328651054617e-01 4.000653269615106478e-01 6.033313087650362672e-01 4.696137476749896456e-01 2.361536172621709895e-01 6.569455940345048095e-01 3.776088946101348598e-01 3.908589044032017568e-01 7.333802849568187288e-01 3.025840083865410368e-01 4.933496626026467324e-01 4.654355521944810725e-01 1.000000000000000000e+00 2.915230829940372304e-01 4.790712006305007375e-01 6.352981651674411978e-01 4.423548621105139467e-01 4.013695542020667695e-01 5.023883257055679064e-01 3.566515023622782166e-01 4.458845615318884903e-01 6.131236400760862182e-01 3.939271078827725758e-01 4.297412114090705115e-01 5.252429701244948346e-01 6.137660172683969684e-01 4.617563604375794495e-01 5.482196453526568813e-01 5.872107190578573777e-01 6.171074026029124138e-01 4.424848527415911614e-01 5.179859342663540867e-01 5.045383453447702671e-01 4.761573881214630211e-01 5.134899896442728373e-01 6.005360249345329526e-01 4.330810043027522038e-01 2.763480879819135705e-01 6.977665648852224844e-01 3.656535346275754383e-01 2.362330453040727696e-01 4.477956063164464928e-01
2.638102529796405582e-01 4.980575911602474481e-01 2.693454418146898899e-01 5.852251012560347743e-01 5.816778335857283322e-01 5.132560312153833237e-01 3.101658518994327429e-01 1.029736773384294923e-01 7.300498394207549646e-01 2.056353184647475296e-01 4.537072313631629883e-01 3.992183274053994202e-01 3.998152474855288796e-01 4.270076739309242031e-01 4.491502894818865110e-01 4.092190869249250351e-01 3.762207016928927339e-01 2.869286444984805451e-01 4.767189445912941026e-01 4.376653706392418797e-01 2.915230829940372304e-01 1.000000000000000000e+00 2.411457998500143862e-01 3.190966657099039705e-01 4.194523030129871377e-01 5.144547050288139634e-01 4.175387597512629778e-01 4.378856386630090025e-01 3.994456875183273192e-01 2.366818937074545159e-01 5.302534194384351807e-01 4.507211830492764970e-01 4.954189124116783471e-01 3.806321555576512861e-01 5.086939316135530298e-01 4.767736074670071433e-01 3.888416366425721526e-01 4.537114986671059724e-01 5.204288641044751973e-01 4.383766673774338596e-01 4.544725480912337190e-01 4.066100358017216143e-01 4.618492641137724730e-01 3.266711793807551834e-01 6.097325942049789393e-01 4.008511456808951379e-01 2.099020353981534692e-01 3.809083968797223330e-01 4.481595792954518598e-01 6.075376689905682692e-01
7.464069844939227316e-01 2.431232523209935770e-01 7.037798350680556370e-01 2.241024821663474553e-01 2.299923260094237087e-01 4.496501113332835309e-01 5.721473353658247385e-01 4.504482863677512494e-01 1.790571178085621495e-01 6.404289444401886078e-01 4.261841152184469017e-01 4.640087137122323457e-01 3.254886950625650033e-01 3.039049769323663441e-01 4.385070565745464166e-01 3.062542715863312837e-01 5.612985927354811055e-01 5.432168653364479738e-01 3.853643953918436948e-01 5.230427838429203558e-01 4.790712006305007375e-01 2.411457998500143862e-01 1.000000000000000000e+00 4.601994012913382948e-01 7.110883270302782444e-01 3.120299248071305431e-01 5.347385180014484485e-01 4.489476860980775585e-01 5.071223450806003896e-01 6.063048861839225312e-01 3.260726853435180761e-01 4.495951983472285529e-01 4.144919659096915066e-01 4.622512113388590471e-01 3.473345801234787311e-01 6.440528093451348690e-01 4.492565583495113923e-01 4.629852993722023968e-01 4.260600676683706789e-01 3.580138029894848195e-01 4.157716174988755897e-01 6.750118131976698965e-01 4.840542736708796645e-01 4.052487366660477708e-01 2.557377542922129599e-01 4.611744063770493174e-01 4.746452217885098190e-01 6.142631953752925034e-01 2.963990746048951186e-01 2.188063702124472820e-01
3.625660028506802468e-01 3.261758963123359001e-01 5.226368055067964757e-01 3.655489583611677973e-01 4.105557102491074195e-01 4.929988302666879485e-01 3.918899693358363079e-01 4.563817920934464256e-01 2.923476015922664151e-01 5.152249769349723785e-01 6.026338007295088950e-01 5.725685953427468444e-01 3.952121672590564461e-01 5.833060375151394306e-01 3.382393674982507870e-01 4.457856264399035484e-01 6.029647896180843070e-01 2.759883106042831935e-01 4.681656673602974661e-01 5.728496344781833782e-01 6.352981651674411978e-01 3.190966657099039705e-01 4.601994012913382948e-01 1.000000000000000000e+00 4.683694937736793129e-01 5.768910888501109779e-01 4.408354536762723597e-01 4.509675411635620246e-01 4.124464179386702067e-01 6.520577329763576069e-01 5.666794475568853739e-01 5.139502804772279054e-01 5.760082546295098860e-01 6.559124772918427659e-01 5.157974678230725640e-01 5.342901864807221290e-01 5.640633034627310360e-01 5.504436106331648260e-01 5.255082834453452811e-01 5.712232152324741019e-01 5.106086727746004250e-01 6.254947168681341818e-01 6.514577983169013153e-01 7.168128714795780621e-01 4.464286171058898245e-01 3.241964561533723366e-01 6.303865282844149931e-01 4.395819519208722936e-01 2.813232107287341188e-01 4.097843081844321222e-01
5.833690904674989630e-01 3.065053211152791168e-01 6.049673961827400914e-01 2.884460587323522396e-01 3.442765689401821039e-01 6.523926634394903168e-01 4.607064097438174355e-01 3.680258336976035549e-01 3.296010451877039449e-01 5.075450402426093799e-01 4.254576169267181296e-01 5.283584885686422039e-01 3.666996529290300622e-01 3.343343538843822071e-01 4.960138774831599484e-01 3.195595838399208910e-01 5.730973722433932993e-01 4.969353180314469154e-01 4.515902847938915721e-01 5.906131374958123459e-01 4.423548621105139467e-01 4.194523030129871377e-01 7.110883270302782444e-01 4.683694937736793129e-01 1.000000000000000000e+00 3.931606056866998045e-01 5.411713463118184020e-01 4.679527528510142309e-01 6.194262301890308686e-01 5.294884675642181904e-01 4.900821486378456049e-01 6.423866562599611640e-01 5.726566647438543489e-01 5.299759937639756391e-01 4.161025272121316454e-01 7.235094139912783273e-01 5.072919247907542450e-01 5.636354817419472196e-01 5.674808343996873283e-01 3.911065923317337267e-01 4.155879927195081924e-01 7.141290554439874150e-01 6.235199541905798171e-01 4.365991135120477207e-01 3.470641803253939894e-01 4.512702196112086672e-01 4.212332812335127796e-01 6.656616543587806634e-01 3.096245189385278818e-01 3.132121159070772043e-01
3.124424766319172098e-01 4.338727298213861383e-01 2.648116153771316594e-01 5.161318667572393215e-01 3.013963794979294675e-01 5.726072377285287285e-01 4.200168170108238286e-01 2.200946494564817169e-01 3.563285263501443922e-01 2.651132835417081557e-01 4.746847722888910548e-01 4.960990386772818339e-01 3.950829773037184967e-01 4.288544471197221486e-01 5.555224870396484604e-01 3.736772606303479516e-01 3.625935618485998102e-01 3.461029946440117855e-01 6.128330807636380717e-01 5.064705361744364920e-01 4.013695542020667695e-01 5.144547050288139634e-01 3.120299248071305431e-01 5.768910888501109779e-01 3.931606056866998045e-01 1.000000000000000000e+00 3.604624692957958398e-01 6.862310843549657147e-01 4.303604981198420609e-01 3.561169379846050864e-01 7.649203523780455649e-01 6.715827665276665748e-01 4.774855568201729628e-01 5.050416505955522828e-01 5.611109441046804314e-01 4.021886597544487851e-01 4.321486017717333650e-01 4.083217979059964864e-01 5.688827611127931227e-01 4.784497172981083679e-01 5.166881500886598699e-01 4.865616543772117164e-01 5.985956933857320417e-01 5.128257672884578566e-01 4.987782364462355900e-01 5.068101212030106106e-01 3.267388923806325840e-01 4.928636021361439967e-01 2.805798736868954091e-01 4.049455988714234511e-01
4.686944525811972406e-01 2.876348022277573913e-01 4.230862838185578956e-01 4.238486725677831912e-01 4.150615201451205993e-01 4.107430298865131779e-01 3.840027838892767220e-01 2.975194038637397620e-01 3.440104401003823420e-01 3.731909517826691447e-01 5.862122674556777824e-01 5.530586096444931599e-01 3.542027455716531548e-01 4.621951127095578205e-01 4.271224973304793560e-01 3.568978320887415401e-01 6.548267530629514610e-01 4.212548481359699726e-01 5.049476281784565090e-01 6.554818655229796009e-01 5.023883257055679064e-01 4.175387597512629778e-01 5.347385180014484485e-01 4.408354536762723597e-01 5.411713463118184020e-01 3.604624692957958398e-01 1.000000000000000000e+00 3.673474943893193512e-01 6.674857168591730172e-01 3.690413920533901493e-01 3.715507881514624189e-01 4.315856881988907046e-01 4.733603858985506729e-01 5.458550476118991801e-01 5.703482006879985189e-01 4.756005769787674531e-01 3.314937190924908128e-01 6.312989580229598774e-01 5.689169137590086578e-01 5.732318288180726640e-01 6.322438961433634041e-01 4.743034918980938985e-01 4.237297859056950999e-01 4.024633804751969191e-01 4.710524924661749213e-01 3.114712952865814621e-01 4.061123885600897432e-01 4.434844734510830500e-01 3.327629929724444935e-01 4.222623762976471795e-01
4.249417258766684524e-01 4.154916307295422051e-01 3.467085341233225870e-01 4.476158832745182337e-01 2.858845118093406024e-01 5.197521650480738664e-01 5.585428802189601472e-01 2.655580411285178855e-01 3.107454512456100937e-01 3.700672904369788907e-01 3.739435541419765530e-01 4.300350967165710858e-01 3.832062202418394792e-01 3.497423534909650522e-01 6.084147339354539774e-01 3.268104637376050836e-01 3.614621158446499338e-01 5.783376919462893673e-01 5.915069644450086095e-01 5.181342137314345342e-01 3.566515023622782166e-01 4.378856386630090025e-01 4.489476860980775585e-01 4.509675411635620246e-01 4.679527528510142309e-01 6.862310843549657147e-01 3.673474943893193512e-01 1.000000000000000000e+00 5.133292554356015946e-01 4.309134131905960063e-01 6.043497782183577804e-01 7.110658537057560347e-01 4.416050723815170276e-01 3.876574516618246924e-01 4.554503087310246001e-01 3.961564276676515783e-01 4.248524906503508003e-01 3.587011234719021391e-01 5.097781246772388197e-01 3.918493111197012269e-01 4.763246447180763954e-01 5.510000428459911337e-01 5.656167969765062420e-01 3.770341055706722400e-01 4.183064000029548257e-01 5.799853931829815901e-01 2.884966883299510676e-01 6.733767595788529015e-01 3.099645349809081463e-01 3.329590304357554209e-01
4.344221275414968386e-01 2.931062271174481038e-01 4.036445005548549014e-01 4.512209004734738516e-01 3.513983214292509261e-01 4.631771395436298788e-01 4.256200697227378038e-01 2.527472937528444374e-01 3.062867249656859303e-01 3.437284778739074786e-01 4.754602234131731220e-01 4.920421778985890615e-01 3.393375402105170968e-01 3.941942981944294710e-01 5.159734248122038736e-01 2.820675336425600421e-01 5.767612488211828481e-01 5.384310367327891367e-01 6.527100236852428905e-01 5.700221382459697006e-01 4.458845615318884903e-01 3.994456875183273192e-01 5.071223450806003896e-01 4.124464179386702067e-01 6.194262301890308686e-01 4.303604981198420609e-01 6.674857168591730172e-01 5.133292554356015946e-01 1.000000000000000000e+00 3.360325371265283079e-01 4.646152040082705548e-01 5.780743670256581757e-01 4.351426900900136618e-01 4.537998651878357714e-01 4.863858658175522209e-01 4.475137063117214375e-01 3.481723602027697040e-01 5.589629522491214031e-01 6.006948812002740334e-01 4.530559581318771012e-01 6.015779558608904676e-01 4.665557578695970209e-01 4.342007485533699862e-01 3.456122132625924492e-01 3.930654530628360233e-01 3.525919026705247594e-01 3.447245347997852649e-01 5.837460992229172030e-01 2.273299097248730471e-01 3.374918744429218909e-01
4.195970787674377922e-01 2.932775690694209847e-01 7.516118160275155891e-01 2.221526508138475797e-01 4.009622455160135046e-01 4.061625506877079572e-01 3.829775279079968286e-01 6.209300959108362550e-01 2.165302193877901848e-01 6.097914262050483369e-01 4.744939594725346432e-01 3.928744244410444231e-01 3.296436016523026646e-01 4.668159237233427961e-01 3.010838017577308623e-01 4.280382570298644218e-01 5.804757126639806808e-01 3.678747956784447215e-01 3.356574142168450847e-01 4.723835473935595330e-01 6.131236400760862182e-01 2.366818937074545159e-01 6.063048861839225312e-01 6.520577329763576069e-01 5.294884675642181904e-01 3.561169379846050864e-01 3.690413920533901493e-01 4.309134131905960063e-01 3.360325371265283079e-01 1.000000000000000000e+00 3.806461909945988431e-01 4.398603798956159383e-01 5.044045346542315178e-01 5.001737691220469184e-01 3.434884287798680713e-01 6.204908006806288956e-01 6.402636612210949041e-01 4.791121053012418196e-01 3.494516735764315873e-01 4.037105443126053905e-01 3.609620272613413006e-01 6.585531769482645403e-01 5.738457683388248354e-01 5.281822273305154525e-01 2.933587739660998839e-01 3.106217008380365296e-01 6.667660465999734054e-01 4.438710955051582419e-01 3.281938397926210671e-01 3.049331123985684067e-01
3.307254081282423042e-01 4.007553715489635127e-01 3.341439587775017483e-01 5.218525548634805888e-01 3.191731188033041233e-01 7.396564082580242561e-01 3.765153718112661529e-01 2.034004460054624763e-01 4.032982023155919915e-01 2.645986820609265711e-01 5.414975567746186380e-01 5.507978266883192253e-01 3.256437932840568483e-01 4.806972806878268001e-01 5.065498088402601295e-01 3.429927044245667522e-01 3.954035094689312135e-01 3.660971678631501081e-01 6.080222707874894938e-01 5.489982759443114979e-01 3.939271078827725758e-01 5.302534194384351807e-01 3.260726853435180761e-01 5.666794475568853739e-01 4.900821486378456049e-01 7.649203523780455649e-01 3.715507881514624189e-01 6.043497782183577804e-01 4.646152040082705548e-01 3.806461909945988431e-01 1.000000000000000000e+00 7.429176682082129224e-01 5.801988938643276583e-01 6.323364854886583952e-01 5.623025144062798741e-01 4.566292129509846864e-01 5.121915719967968794e-01 5.149097381664289319e-01 7.163410627232801309e-01 4.997345645028641870e-01 5.617297642478132902e-01 5.105690174728843012e-01 6.631329840831711175e-01 5.855408776647920144e-01 5.191121833089725746e-01 4.490922343962965857e-01 3.167760048890534974e-01 5.235395546655907673e-01 2.705954616771754084e-01 4.220304817082357052e-01
4.089575814442636403e-01 3.164190519796438172e-01 4.054573079260442858e-01 4.614687627527107039e-01 2.748335344228236554e-01 6.861023013151803518e-01 4.743923850239275541e-01 2.382221859297016242e-01 3.307901898923413797e-01 3.458606675183517054e-01 4.871008184462307100e-01 5.332272879810383559e-01 3.285802706200043888e-01 4.116327565248281140e-01 5.522620845812259427e-01 2.524435278784753489e-01 4.358864621492777314e-01 4.665848432093989140e-01 6.308567845168967514e-01 5.687743554284037106e-01 4.297412114090705115e-01 4.507211830492764970e-01 4.495951983472285529e-01 5.139502804772279054e-01 6.423866562599611640e-01 6.715827665276665748e-01 4.315856881988907046e-01 7.110658537057560347e-01 5.780743670256581757e-01 4.398603798956159383e-01 7.429176682082129224e-01 1.000000000000000000e+00 5.472732004583744647e-01 5.547313907945055078e-01 5.190252518471211163e-01 4.635607681809749137e-01 5.197948667698660818e-01 5.338895323306211971e-01 6.540411653827427063e-01 4.453218269746739288e-01 5.531286144236450264e-01 5.950482775835044258e-01 6.821057101663617894e-01 5.038787998820568603e-01 4.671926105961655695e-01 4.646198999918489947e-01 3.222663444003965871e-01 6.945462855358579546e-01 2.173044131300536086e-01 3.635109864489126097e-01
