1.000000000000000000e+00 7.643528245432013035e-01 5.643826559614592009e-01 4.956761355930903168e-01 6.457826665109361874e-01 4.996224025189174855e-01 6.337972073929696304e-01 6.141351361823477184e-01 4.438162857370023251e-01 5.694497109601297513e-01 5.952493342983410374e-01 5.126706952182661370e-01 6.021078822786806173e-01 6.856482321649610689e-01 4.558781912359416433e-01 6.643794304000611994e-01 3.970544325411772268e-01 4.797838963431959591e-01 7.960353678431885127e-01 4.213549680727475266e-01 4.633205529956099245e-01 4.266255424112203598e-01 5.030468908329662758e-01 4.505979890926164466e-01 3.580631805590239747e-01 7.102255996770980850e-01 3.936842988363171147e-01 4.693833040890638686e-01 3.491906908555756917e-01 4.799264473945387133e-01
7.643528245432013035e-01 1.000000000000000000e+00 4.222922282588297271e-01 5.293962803326121014e-01 5.425862719702088111e-01 4.192515665228105926e-01 5.763809282477252438e-01 6.030501287822861434e-01 3.734476706495659104e-01 5.046995663949672695e-01 5.629984977494385534e-01 4.526391415761598092e-01 5.206347520498560977e-01 6.412875895457267328e-01 3.739057790495012301e-01 6.100648902370420235e-01 4.226526525565226788e-01 5.262551244906742420e-01 8.286589533064743218e-01 4.102995035318603989e-01 4.189302039021105539e-01 3.580755256586277135e-01 4.531876606334059865e-01 4.515668291059076189e-01 3.482294909517115178e-01 6.722981557522638152e-01 3.545098754336972746e-01 4.674880199379286005e-01 2.718923261595178609e-01 4.764124494503820251e-01
5.643826559614592009e-01 4.222922282588297271e-01 1.000000000000000000e+00 4.108261135784980200e-01 4.863648591525386311e-01 4.593485181018319707e-01 3.663663925980609748e-01 5.246361370977401517e-01 3.345815161173468777e-01 3.158313132204986773e-01 5.053571582684994734e-01 5.101526799942884827e-01 4.828146359542891952e-01 4.691881896543260155e-01 4.452849330510191828e-01 6.616252241363197450e-01 3.386540338777156989e-01 3.789730495095533502e-01 5.179735180987040666e-01 3.440982000366213933e-01 6.389650253427275883e-01 4.104810212131627112e-01 4.781423972493437646e-01 3.794250366507365135e-01 3.275067573047558689e-01 5.220178955564827028e-01 4.298310833974809952e-01 3.806311968702446036e-01 5.411697845386370664e-01 3.683551595798822964e-01
4.956761355930903168e-01 5.293962803326121014e-01 4.108261135784980200e-01 1.000000000000000000e+00 5.300993415333489223e-01 5.131629175705586521e-01 4.927416915127930119e-01 5.817734905630839171e-01 5.977069039167698383e-01 4.949618799316866102e-01 4.365149129376307835e-01 5.635371382724401190e-01 5.980714621883289617e-01 5.221112848316069588e-01 2.643198598118303155e-01 5.622216823305401512e-01 4.152997844609905287e-01 4.270372640473974468e-01 6.549975971963217791e-01 3.479395827440603939e-01 4.258396299014045594e-01 2.876495960781778050e-01 5.699497053713038497e-01 4.935268497093818763e-01 3.257006961891703023e-01 5.964927380209195107e-01 4.314643594200696652e-01 5.381987493944420109e-01 2.311781058078985485e-01 4.918686646865186307e-01
6.457826665109361874e-01 5.425862719702088111e-01 4.863648591525386311e-01 5.300993415333489223e-01 1.000000000000000000e+00 5.750711597543458620e-01 5.767811345677326118e-01 6.906889775093454364e-01 6.909329088006741504e-01 5.805664255144298291e-01 4.967795872043700989e-01 6.987019849796257676e-01 7.150977379950460566e-01 5.924028252165407515e-01 3.268499140165711525e-01 5.413127057191935432e-01 4.393047450033688017e-01 4.697164543321606933e-01 6.904502866552184592e-01 4.068296181689614599e-01 3.872422660947389406e-01 3.541394701801122147e-01 5.904682989911472779e-01 5.585870653039103351e-01 3.792509252821313348e-01 6.604846838691479372e-01 5.671132596072140375e-01 4.590223821622232414e-01 3.094855075786500653e-01 4.753989887221660160e-01
4.996224025189174855e-01 4.192515665228105926e-01 4.593485181018319707e-01 5.131629175705586521e-01 5.750711597543458620e-01 1.000000000000000000e+00 5.744591760674699898e-01 6.266602305055541944e-01 5.616919751816904505e-01 4.914288686771120518e-01 4.364977231308079797e-01 5.778369148616203654e-01 7.136493488787877260e-01 6.741830504341086439e-01 2.499091400940050833e-01 4.917800949546207168e-01 5.052774783313656037e-01 5.345213312678882556e-01 5.203560014837262937e-01 3.378043134776914647e-01 3.806607126562855936e-01 3.527382919852694587e-01 6.356820849566000575e-01 4.050221460052532141e-01 4.150809156313872705e-01 6.816629416013132436e-01 5.879244953140028151e-01 5.963891126752506322e-01 2.971746775850815925e-01 4.869475590349257033e-01
6.337972073929696304e-01 5.763809282477252438e-01 3.663663925980609748e-01 4.927416915127930119e-01 5.767811345677326118e-01 5.744591760674699898e-01 1.000000000000000000e+00 6.045234980126289459e-01 5.932209879073734315e-01 8.495579293167943025e-01 3.925009008820947720e-01 4.594753731144570197e-01 7.252102591400736431e-01 8.561899433420415706e-01 2.410926742217123497e-01 5.489748841266866020e-01 6.544922652207845193e-01 6.897739165369932701e-01 6.079662737954757423e-01 2.847126518122611305e-01 3.718998405436502730e-01 4.293594549847859487e-01 4.960042249598675679e-01 3.722428546563903429e-01 5.338494044300499120e-01 6.134086309997328623e-01 5.246012281362053553e-01 6.466019978878585484e-01 2.739955695467664598e-01 6.732992013805116915e-01
6.141351361823477184e-01 6.030501287822861434e-01 5.246361370977401517e-01 5.817734905630839171e-01 6.906889775093454364e-01 6.266602305055541944e-01 6.045234980126289459e-01 1.000000000000000000e+00 5.879549196509100684e-01 5.543025877986863525e-01 4.310263072080540159e-01 6.088439068240085739e-01 8.061890113001617397e-01 7.159969780687702734e-01 2.988855242281351909e-01 6.702701771946755205e-01 6.607569869772876858e-01 6.427930860391277701e-01 6.193505609428393566e-01 4.617648953206877072e-01 5.572390488096867767e-01 3.992405676179157092e-01 5.119315744324454132e-01 4.557784727688986015e-01 5.170463706960880534e-01 6.252489894380146573e-01 7.984480134641300797e-01 6.773216959258629988e-01 2.951425599939525024e-01 6.585132125937498415e-01
4.438162857370023251e-01 3.734476706495659104e-01 3.345815161173468777e-01 5.977069039167698383e-01 6.909329088006741504e-01 5.616919751816904505e-01 5.932209879073734315e-01 5.879549196509100684e-01 1.000000000000000000e+00 6.111537704586812447e-01 3.482208305032912787e-01 5.442217164786868899e-01 6.849779372009519030e-01 5.597852343305870226e-01 1.645410874892049291e-01 3.888226474966272606e-01 4.725961535136528613e-01 4.314986662560750807e-01 4.753850964281740032e-01 3.069602045391981449e-01 3.196073778326101178e-01 2.542345468501404082e-01 5.108857008267915223e-01 4.256147774822259255e-01 3.429852331790471109e-01 5.189785301542787499e-01 5.593977817374894412e-01 5.139775090474953956e-01 2.205969150902953868e-01 4.898164614346931511e-01
5.694497109601297513e-01 5.046995663949672695e-01 3.158313132204986773e-01 4.949618799316866102e-01 5.805664255144298291e-01 4.914288686771120518e-01 8.495579293167943025e-01 5.543025877986863525e-01 6.111537704586812447e-01 1.000000000000000000e+00 3.530252136264889762e-01 4.446763490638844796e-01 6.920340346541747900e-01 7.456456257648873542e-01 2.053740531350127518e-01 4.804573768017345037e-01 5.441832790562513011e-01 5.668679508648523102e-01 5.952204106902738712e-01 2.550158242244311979e-01 2.966873948258438309e-01 3.570859075465432353e-01 4.744804745364964438e-01 3.753734081197456773e-01 4.366843910481725821e-01 5.367142789016728921e-01 5.026812203379542598e-01 5.791997940798520039e-01 2.665878522391629257e-01 5.790497563569002581e-01
5.952493342983410374e-01 5.629984977494385534e-01 5.053571582684994734e-01 4.365149129376307835e-01 4.967795872043700989e-01 4.364977231308079797e-01 3.925009008820947720e-01 4.310263072080540159e-01 3.482208305032912787e-01 3.530252136264889762e-01 1.000000000000000000e+00 5.087261145108388227e-01 4.110059248547530131e-01 4.402461627024198410e-01 4.708452015793803680e-01 4.559404153990284092e-01 2.474483892337581148e-01 2.934384432444552826e-01 6.326569370168989570e-01 3.964969825120617242e-01 3.212559695829604323e-01 2.943154538778638418e-01 4.494944463167039328e-01 4.843123875558111302e-01 2.001939667415892354e-01 5.895277822953451929e-01 2.669503460937770467e-01 2.808424072701528607e-01 3.121026130670550569e-01 3.101572544070199666e-01
5.126706952182661370e-01 4.526391415761598092e-01 5.101526799942884827e-01 5.635371382724401190e-01 6.987019849796257676e-01 5.778369148616203654e-01 4.594753731144570197e-01 6.088439068240085739e-01 5.442217164786868899e-01 4.446763490638844796e-01 5.087261145108388227e-01 1.000000000000000000e+00 5.923225585124527459e-01 5.059842892757552280e-01 2.896431350575799368e-01 4.756591573297723197e-01 3.854691795095251949e-01 4.107523175159690787e-01 6.047716262541650289e-01 3.636762329954879025e-01 3.569917222729483974e-01 2.801026402886964140e-01 5.923886219191056846e-01 6.298557277115780506e-01 3.058803170922688719e-01 6.484058788728741529e-01 5.254473652322545485e-01 4.264556363091691060e-01 2.864915636184590109e-01 3.971625709858034869e-01
6.021078822786806173e-01 5.206347520498560977e-01 4.828146359542891952e-01 5.980714621883289617e-01 7.150977379950460566e-01 7.136493488787877260e-01 7.252102591400736431e-01 8.061890113001617397e-01 6.849779372009519030e-01 6.920340346541747900e-01 4.110059248547530131e-01 5.923225585124527459e-01 1.000000000000000000e+00 7.997106219453040676e-01 2.709881361962944157e-01 5.917833327383010822e-01 6.600740866866513512e-01 6.417841065710381265e-01 6.085061069049377824e-01 4.026489988293486255e-01 4.664121836693652656e-01 4.294448129974324235e-01 5.809197322261209218e-01 4.365654153390438053e-01 4.994193838417414488e-01 6.600587724236796072e-01 7.893939690093334516e-01 7.487517094556642716e-01 2.963111619722829104e-01 6.416176636937136468e-01
6.856482321649610689e-01 6.412875895457267328e-01 4.691881896543260155e-01 5.221112848316069588e-01 5.924028252165407515e-01 6.741830504341086439e-01 8.561899433420415706e-01 7.159969780687702734e-01 5.597852343305870226e-01 7.456456257648873542e-01 4.402461627024198410e-01 5.059842892757552280e-01 7.997106219453040676e-01 1.000000000000000000e+00 2.908164434805971532e-01 6.253389714796638854e-01 6.744431214775477024e-01 7.460579359548846767e-01 6.700683848616910687e-01 3.410579787332326251e-01 4.498118856421485234e-01 4.677186294685597989e-01 5.447295579988953307e-01 3.893644993763266671e-01 5.643805845869334092e-01 6.918820896704741541e-01 6.194336968306479729e-01 7.534434295392838932e-01 3.589160722575445717e-01 6.721552347707721031e-01
4.558781912359416433e-01 3.739057790495012301e-01 4.452849330510191828e-01 2.643198598118303155e-01 3.268499140165711525e-01 2.499091400940050833e-01 2.410926742217123497e-01 2.988855242281351909e-01 1.645410874892049291e-01 2.053740531350127518e-01 4.708452015793803680e-01 2.896431350575799368e-01 2.709881361962944157e-01 2.908164434805971532e-01 1.000000000000000000e+00 3.864762120367821185e-01 1.383980970896535045e-01 1.725788664924554905e-01 4.259704845673605300e-01 2.672303435426804374e-01 2.849313050504302947e-01 2.390476821726797152e-01 2.861690159689851409e-01 2.712633444242485981e-01 1.213831810509161530e-01 3.667440588006706803e-01 1.564346814054494716e-01 1.884327458454988780e-01 2.394788945490158028e-01 1.721336148882869899e-01
6.643794304000611994e-01 6.100648902370420235e-01 6.616252241363197450e-01 5.622216823305401512e-01 5.413127057191935432e-01 4.917800949546207168e-01 5.489748841266866020e-01 6.702701771946755205e-01 3.888226474966272606e-01 4.804573768017345037e-01 4.559404153990284092e-01 4.756591573297723197e-01 5.917833327383010822e-01 6.253389714796638854e-01 3.864762120367821185e-01 1.000000000000000000e+00 5.622393017530731285e-01 6.175443324748649543e-01 6.930164015402815458e-01 4.173641773966859647e-01 6.411833207971392445e-01 6.114955918721427519e-01 5.211185127103969972e-01 3.975698396948753599e-01 5.981915337828911383e-01 5.940020408875550384e-01 4.888135331487031832e-01 5.191513176470101687e-01 3.621203351906568946e-01 6.500219948941753367e-01
3.970544325411772268e-01 4.226526525565226788e-01 3.386540338777156989e-01 4.152997844609905287e-01 4.393047450033688017e-01 5.052774783313656037e-01 6.544922652207845193e-01 6.607569869772876858e-01 4.725961535136528613e-01 5.441832790562513011e-01 2.474483892337581148e-01 3.854691795095251949e-01 6.600740866866513512e-01 6.744431214775477024e-01 1.383980970896535045e-01 5.622393017530731285e-01 1.000000000000000000e+00 7.294322140689076805e-01 3.885231484279523251e-01 3.074906190232819525e-01 4.141274160387885539e-01 4.077475429478740754e-01 3.491921646473878371e-01 2.432367756144744597e-01 7.225604736368816949e-01 4.042878439087273512e-01 6.040222962646637495e-01 6.097170491887057286e-01 2.127693728776859361e-01 7.649548795649626642e-01
4.797838963431959591e-01 5.262551244906742420e-01 3.789730495095533502e-01 4.270372640473974468e-01 4.697164543321606933e-01 5.345213312678882556e-01 6.897739165369932701e-01 6.427930860391277701e-01 4.314986662560750807e-01 5.668679508648523102e-01 2.934384432444552826e-01 4.107523175159690787e-01 6.417841065710381265e-01 7.460579359548846767e-01 1.725788664924554905e-01 6.175443324748649543e-01 7.294322140689076805e-01 1.000000000000000000e+00 4.859774345043490484e-01 3.021899171123245686e-01 4.598863774090958811e-01 5.145488498097126051e-01 4.352639367300525364e-01 2.853845723315880378e-01 7.181908339515510331e-01 5.175245097374533421e-01 5.899674296356410830e-01 5.970597401961136308e-01 2.781827459873588149e-01 7.280384230044153471e-01
7.960353678431885127e-01 8.286589533064743218e-01 5.179735180987040666e-01 6.549975971963217791e-01 6.904502866552184592e-01 5.203560014837262937e-01 6.079662737954757423e-01 6.193505609428393566e-01 4.753850964281740032e-01 5.952204106902738712e-01 6.326569370168989570e-01 6.047716262541650289e-01 6.085061069049377824e-01 6.700683848616910687e-01 4.259704845673605300e-01 6.930164015402815458e-01 3.885231484279523251e-01 4.859774345043490484e-01 1.000000000000000000e+00 4.099731239720016962e-01 4.202392919870376331e-01 3.975314385249023030e-01 6.238103833138582965e-01 5.694553495565625179e-01 3.565602382638348167e-01 7.938447033183115842e-01 3.998167514307961468e-01 4.927295765468238664e-01 3.498441114451806833e-01 4.740599259319592806e-01
4.213549680727475266e-01 4.102995035318603989e-01 3.440982000366213933e-01 3.479395827440603939e-01 4.068296181689614599e-01 3.378043134776914647e-01 2.847126518122611305e-01 4.617648953206877072e-01 3.069602045391981449e-01 2.550158242244311979e-01 3.964969825120617242e-01 3.636762329954879025e-01 4.026489988293486255e-01 3.410579787332326251e-01 2.672303435426804374e-01 4.173641773966859647e-01 3.074906190232819525e-01 3.021899171123245686e-01 4.099731239720016962e-01 1.000000000000000000e+00 3.562327318539166288e-01 2.977863115291415341e-01 3.012639517917325982e-01 3.479067511622059294e-01 2.226621294295463571e-01 3.822224230987775195e-01 3.293348724610975498e-01 3.316933620754130008e-01 1.351589620868338948e-01 3.236082722180285143e-01
4.633205529956099245e-01 4.189302039021105539e-01 6.389650253427275883e-01 4.258396299014045594e-01 3.872422660947389406e-01 3.806607126562855936e-01 3.718998405436502730e-01 5.572390488096867767e-01 3.196073778326101178e-01 2.966873948258438309e-01 3.212559695829604323e-01 3.569917222729483974e-01 4.664121836693652656e-01 4.498118856421485234e-01 2.849313050504302947e-01 6.411833207971392445e-01 4.141274160387885539e-01 4.598863774090958811e-01 4.202392919870376331e-01 3.562327318539166288e-01 1.000000000000000000e+00 3.645905285560931408e-01 3.375726842708805520e-01 2.960946517790993826e-01 3.780064027441145114e-01 3.714967221798911590e-01 4.408228225354487995e-01 4.243907654571160704e-01 3.135367695653787368e-01 5.095678500017819523e-01
4.266255424112203598e-01 3.580755256586277135e-01 4.104810212131627112e-01 2.876495960781778050e-01 3.541394701801122147e-01 3.527382919852694587e-01 4.293594549847859487e-01 3.992405676179157092e-01 2.542345468501404082e-01 3.570859075465432353e-01 2.943154538778638418e-01 2.801026402886964140e-01 4.294448129974324235e-01 4.677186294685597989e-01 2.390476821726797152e-01 6.114955918721427519e-01 4.077475429478740754e-01 5.145488498097126051e-01 3.975314385249023030e-01 2.977863115291415341e-01 3.645905285560931408e-01 1.000000000000000000e+00 3.508378626605073158e-01 2.159481095017755925e-01 4.496820873432566534e-01 3.997131923624682726e-01 3.119814475229446549e-01 3.456336168238865469e-01 2.854525610921087031e-01 4.701804993876881889e-01
5.030468908329662758e-01 4.531876606334059865e-01 4.781423972493437646e-01 5.699497053713038497e-01 5.904682989911472779e-01 6.356820849566000575e-01 4.960042249598675679e-01 5.119315744324454132e-01 5.108857008267915223e-01 4.744804745364964438e-01 4.494944463167039328e-01 5.923886219191056846e-01 5.809197322261209218e-01 5.447295579988953307e-01 2.861690159689851409e-01 5.211185127103969972e-01 3.491921646473878371e-01 4.352639367300525364e-01 6.238103833138582965e-01 3.012639517917325982e-01 3.375726842708805520e-01 3.508378626605073158e-01 1.000000000000000000e+00 4.796561091744142580e-01 3.192840223478312645e-01 7.289725272446768711e-01 4.391079886478841954e-01 4.354864700399469490e-01 3.370664116302591884e-01 4.004680059882085863e-01
4.505979890926164466e-01 4.515668291059076189e-01 3.794250366507365135e-01 4.935268497093818763e-01 5.585870653039103351e-01 4.050221460052532141e-01 3.722428546563903429e-01 4.557784727688986015e-01 4.256147774822259255e-01 3.753734081197456773e-01 4.843123875558111302e-01 6.298557277115780506e-01 4.365654153390438053e-01 3.893644993763266671e-01 2.712633444242485981e-01 3.975698396948753599e-01 2.432367756144744597e-01 2.853845723315880378e-01 5.694553495565625179e-01 3.479067511622059294e-01 2.960946517790993826e-01 2.159481095017755925e-01 4.796561091744142580e-01 1.000000000000000000e+00 1.879585907807366785e-01 5.403084945239150505e-01 3.335516032035313327e-01 3.344356847551241407e-01 2.206106642248267247e-01 2.920431137001553989e-01
3.580631805590239747e-01 3.482294909517115178e-01 3.275067573047558689e-01 3.257006961891703023e-01 3.792509252821313348e-01 4.150809156313872705e-01 5.338494044300499120e-01 5.170463706960880534e-01 3.429852331790471109e-01 4.366843910481725821e-01 2.001939667415892354e-01 3.058803170922688719e-01 4.994193838417414488e-01 5.643805845869334092e-01 1.213831810509161530e-01 5.981915337828911383e-01 7.225604736368816949e-01 7.181908339515510331e-01 3.565602382638348167e-01 2.226621294295463571e-01 3.780064027441145114e-01 4.496820873432566534e-01 3.192840223478312645e-01 1.879585907807366785e-01 1.000000000000000000e+00 3.533077357335413504e-01 4.810558589645140826e-01 4.518422872427977910e-01 2.433096778987798026e-01 7.008546699109560185e-01
7.102255996770980850e-01 6.722981557522638152e-01 5.220178955564827028e-01 5.964927380209195107e-01 6.604846838691479372e-01 6.816629416013132436e-01 6.134086309997328623e-01 6.252489894380146573e-01 5.189785301542787499e-01 5.367142789016728921e-01 5.895277822953451929e-01 6.484058788728741529e-01 6.600587724236796072e-01 6.918820896704741541e-01 3.667440588006706803e-01 5.940020408875550384e-01 4.042878439087273512e-01 5.175245097374533421e-01 7.938447033183115842e-01 3.822224230987775195e-01 3.714967221798911590e-01 3.997131923624682726e-01 7.289725272446768711e-01 5.403084945239150505e-01 3.533077357335413504e-01 1.000000000000000000e+00 4.943082327895896855e-01 5.273930923167411411e-01 3.506338998398734197e-01 4.697328408050301940e-01
3.936842988363171147e-01 3.545098754336972746e-01 4.298310833974809952e-01 4.314643594200696652e-01 5.671132596072140375e-01 5.879244953140028151e-01 5.246012281362053553e-01 7.984480134641300797e-01 5.593977817374894412e-01 5.026812203379542598e-01 2.669503460937770467e-01 5.254473652322545485e-01 7.893939690093334516e-01 6.194336968306479729e-01 1.564346814054494716e-01 4.888135331487031832e-01 6.040222962646637495e-01 5.899674296356410830e-01 3.998167514307961468e-01 3.293348724610975498e-01 4.408228225354487995e-01 3.119814475229446549e-01 4.391079886478841954e-01 3.335516032035313327e-01 4.810558589645140826e-01 4.943082327895896855e-01 1.000000000000000000e+00 6.456514240094261003e-01 2.565697754224755545e-01 5.729467284069733601e-01
4.693833040890638686e-01 4.674880199379286005e-01 3.806311968702446036e-01 5.381987493944420109e-01 4.590223821622232414e-01 5.963891126752506322e-01 6.466019978878585484e-01 6.773216959258629988e-01 5.139775090474953956e-01 5.791997940798520039e-01 2.808424072701528607e-01 4.264556363091691060e-01 7.487517094556642716e-01 7.534434295392838932e-01 1.884327458454988780e-01 5.191513176470101687e-01 6.097170491887057286e-01 5.970597401961136308e-01 4.927295765468238664e-01 3.316933620754130008e-01 4.243907654571160704e-01 3.456336168238865469e-01 4.354864700399469490e-01 3.344356847551241407e-01 4.518422872427977910e-01 5.273930923167411411e-01 6.456514240094261003e-01 1.000000000000000000e+00 2.202045937220456773e-01 5.746343848136515886e-01
3.491906908555756917e-01 2.718923261595178609e-01 5.411697845386370664e-01 2.311781058078984930e-01 3.094855075786501208e-01 2.971746775850815925e-01 2.739955695467662933e-01 2.951425599939524469e-01 2.205969150902954146e-01 2.665878522391628702e-01 3.121026130670551679e-01 2.864915636184590664e-01 2.963111619722829104e-01 3.589160722575445717e-01 2.394788945490158583e-01 3.621203351906567836e-01 2.127693728776859361e-01 2.781827459873588149e-01 3.498441114451807943e-01 1.351589620868338393e-01 3.135367695653786813e-01 2.854525610921086476e-01 3.370664116302591329e-01 2.206106642248268079e-01 2.433096778987798026e-01 3.506338998398734197e-01 2.565697754224755545e-01 2.202045937220457050e-01 1.000000000000000000e+00 2.463062345931771036e-01
4.799264473945387133e-01 4.764124494503820251e-01 3.683551595798822964e-01 4.918686646865185752e-01 4.753989887221660160e-01 4.869475590349257033e-01 6.732992013805114695e-01 6.585132125937498415e-01 4.898164614346931511e-01 5.790497563569002581e-01 3.101572544070200776e-01 3.971625709858035425e-01 6.416176636937137578e-01 6.721552347707719921e-01 1.721336148882869899e-01 6.500219948941754478e-01 7.649548795649626642e-01 7.280384230044154581e-01 4.740599259319591696e-01 3.236082722180284588e-01 5.095678500017819523e-01 4.701804993876881889e-01 4.004680059882086418e-01 2.920431137001553434e-01 7.008546699109559075e-01 4.697328408050303050e-01 5.729467284069734712e-01 5.746343848136514776e-01 2.463062345931771036e-01 1.000000000000000000e+00
