1.000000000000000000e+00 3.255935353330856596e-01 3.799473551609959809e-01 4.061783316518818854e-01 7.196186085306165436e-01 2.144453569150456540e-01 3.211665710604469925e-01 2.353913704177723054e-01 4.750279661620090410e-01 1.880874159305924442e-01 5.151922093918943624e-01 2.688932682990086143e-01 3.621203463916228271e-01 3.811093616227674286e-01 3.965595581463254304e-01 6.493482588360214303e-01 2.075430583839415200e-01 4.349280379505423011e-01 2.910926270304944330e-01 4.191813468168453238e-01 5.788950960902634613e-01 2.957867743180604414e-01 2.528757983126950215e-01 3.000335313231971557e-01 5.442306196482804559e-01 2.276455494419314107e-01 3.685839355463616518e-01 3.727643579868910040e-01 4.860455570999291375e-01 5.662556882377404177e-01 4.717400336709648978e-01 3.707532130686594374e-01 4.739070543809884017e-01 1.763831503948164736e-01 3.726443275266685395e-01 4.687072680282966530e-01 5.926950445205918516e-01 2.926941144192264921e-01 4.951845690604398942e-01 5.601509132525421819e-01 5.526009331286673154e-01 3.617199377004410299e-01 6.559781624702724079e-01 5.445049856548022094e-01 4.166893968452107244e-01 4.717428541725942059e-01 5.494427597510770367e-01 5.169189314700293192e-01 5.227130692783488186e-01 4.372248587894603800e-01 5.338018861365361190e-01 4.182579477474249741e-01 3.240687184273274291e-01 5.132881822410062522e-01 6.088899090110103662e-01 4.126590544640126312e-01 3.901320160532996129e-01 5.444484736040480222e-01 2.000328073366108572e-01 4.914179602460509444e-01 4.203048472236188826e-01 5.105843878329267005e-01 4.435380831361672715e-01 3.957821888667871768e-01 6.500501968156591204e-01 6.831523706918800620e-01 5.629720278673420175e-01 4.139308874054144494e-01 6.152311752634297415e-01 2.997383963173272381e-01 4.543600595633563999e-01 5.523099636819617242e-01 4.266614388018111215e-01 5.208856447675259682e-01 4.181528016511538159e-01 4.232621266137941429e-01 5.391167373104261973e-01 4.960729528607387140e-01 3.002955713636604185e-01 4.503997438243683704e-01 2.707286080795773264e-01 3.420070426127296281e-01 5.228766259790806892e-01 4.021917682515631642e-01 4.275895959524168566e-01 1.774051863021044451e-01 4.273562998237487864e-01 1.961959116447578311e-01 5.495833128743622398e-01 4.757568726796317371e-01
3.255935353330856596e-01 1.000000000000000000e+00 1.575465918151391087e-01 3.761059273499845479e-01 2.876374660940147487e-01 5.374385079520532793e-01 3.670655314459010388e-01 1.513098258739547508e-01 1.373394497553483140e-01 2.007930375992839356e-01 3.495785190906821049e-01 3.065806340787055606e-01 3.512923707236481063e-01 3.197525193564519919e-01 4.348443634061757712e-01 3.721853305945916346e-01 2.322306185226569175e-01 1.548181469578556735e-01 3.707913024364581922e-01 3.728309114134994440e-01 3.181845894619621529e-01 2.656252931926261218e-01 7.854002013600658305e-02 2.763677724106297640e-01 3.579730213233960345e-01 3.504543910218591019e-01 1.899920094031538054e-01 1.121123406870399436e-01 4.316482351950128304e-01 3.358219240870479738e-01 3.475257872136890414e-01 3.585911014471006020e-01 7.134940038904299398e-01 4.917411840544556600e-01 2.887079760797094941e-01 1.942765291522315918e-01 4.691638150663914320e-01 1.972978879349584214e-01 4.730849547520004084e-01 3.684688280039902231e-01 2.059944843808503012e-01 1.980253668612952100e-01 4.136578932334923353e-01 4.694028864617675323e-01 3.877728131868423134e-01 2.522239309205793756e-01 4.251260483539641144e-01 4.965156202703610577e-01 5.070759099201961329e-01 4.345461149197296091e-01 3.993010153310619370e-01 3.533965806794384656e-01 3.415165621341211821e-01 4.711057540218528406e-01 2.182427662493307829e-01 1.528438182686921720e-01 7.742430997811180493e-01 5.843758289973882691e-01 3.098268758770085229e-01 4.011409018674922389e-01 6.943444740925844849e-01 3.215503653434688136e-01 6.421711866924202372e-01 2.970887625695906031e-01 2.666977852316370634e-01 3.034633251614740623e-01 4.711343810119432707e-01 3.472843836251660599e-01 3.587895408360147198e-01 2.183752191766195894e-01 3.026877383891302120e-01 4.668649902238389271e-01 2.134862176495304353e-01 5.658400080805621180e-01 7.578310890403731070e-01 3.933294873137398451e-01 3.998993615306142280e-01 3.155555087372500234e-01 2.832639473706521915e-01 2.055861486625494561e-01 1.796625712396223429e-01 1.620311586650440838e-01 3.833222541520203697e-01 2.404745738298067759e-01 4.968697294877945092e-01 5.254297043123118405e-01 6.305785469615272643e-01 2.221105139107725501e-01 4.523239876043893548e-01 3.896641996673811392e-01
3.799473551609959809e-01 1.575465918151391087e-01 1.000000000000000000e+00 3.619732195051317825e-01 3.190458034353587102e-01 3.472734071552165819e-02 2.534915689130112226e-01 3.924452664647688493e-01 4.481283874315971083e-01 3.508325116505704444e-01 3.653734699559719190e-01 4.334673685728713255e-01 2.400063794579160859e-01 3.143757631900301330e-01 3.411462494338875495e-01 3.635199324837817270e-01 2.226179227475558464e-01 6.197107305720092052e-01 8.807355482180537209e-02 4.048868693865883550e-01 4.473433093349878376e-01 2.087940252768151761e-01 3.041937031177652795e-01 4.925266437984147094e-01 2.962430995643192677e-01 1.949013744569972617e-01 5.551757318221297588e-01 4.987550432982001958e-01 3.132905734158399902e-01 3.494718146773484468e-01 5.018116861372602378e-01 3.549144399289245744e-01 2.438988498901427660e-01 1.738777077286669526e-01 5.403550234134879560e-01 7.184491242797581556e-01 4.442847487347989510e-01 6.348991025663313081e-01 3.590291809339260509e-01 4.634379418042275378e-01 3.954141918710661341e-01 3.600740211332691953e-01 3.889346249101561237e-01 4.566026080745919091e-01 3.546717613765542065e-01 3.803677143869005350e-01 2.234280579466014771e-01 2.616735415829972711e-01 2.553692862978500511e-01 4.231486502679526196e-01 3.397139004419515995e-01 3.775396699799505873e-01 3.726462983643129556e-01 3.493470417008980311e-01 3.358812149644213596e-01 5.180315103166509560e-01 1.292412518633682117e-01 2.843383347183200405e-01 2.605620479282543811e-01 3.654057954038650302e-01 2.707353221183374514e-01 3.298133553180244149e-01 3.218648425389376011e-01 5.410936517361109033e-01 3.535332293054309627e-01 3.109698200713864602e-01 3.131502073845631173e-01 4.915952980354488244e-01 4.349915370159267436e-01 2.245872445242046433e-01 4.970464433848414409e-01 3.926055176564432481e-01 3.453916517706812073e-01 2.736408003782979659e-01 2.237774659212643791e-01 3.914836598184764926e-01 4.254674063192252498e-01 5.436745502956226161e-01 4.757245213094961622e-01 7.627243714120811591e-01 6.165815936899169403e-01 3.921229237164478021e-01 4.124568877161721159e-01 6.463777852938805690e-01 2.751644547006109609e-01 1.576544531790883275e-01 2.813990614470252560e-01 1.960261995637750665e-01 4.099128014398454867e-01 2.982296653979659706e-01
4.061783316518818854e-01 3.761059273499845479e-01 3.619732195051317825e-01 1.000000000000000000e+00 4.182723109686476981e-01 2.165541467101627648e-01 3.860713268189160385e-01 2.768811271839865529e-01 2.616168820624784619e-01 4.024222540755924560e-01 3.720562768632941220e-01 4.537255683521928540e-01 2.529928012424915718e-01 3.381076815629555643e-01 5.024997884529439629e-01 3.710221446307682136e-01 2.789287123164304605e-01 2.771527490678264427e-01 1.812664302420302909e-01 6.740557382268247411e-01 5.336928691218828513e-01 3.441851696941242711e-01 1.642260832307606555e-01 4.318538495866914850e-01 4.199948922635667881e-01 2.387484996616971999e-01 4.480865036289810033e-01 2.555032718164778061e-01 5.210705700801452345e-01 2.555556441982983484e-01 3.011605864836540691e-01 3.273753351710317339e-01 3.275702282362341067e-01 3.656328448646609663e-01 4.226481776755851016e-01 4.907718933245721060e-01 3.229873501332239938e-01 4.473664375856103437e-01 5.427808102117733791e-01 5.079205596430043101e-01 4.383436944516123090e-01 2.393852050755336802e-01 2.929059775541217325e-01 3.986166222419565419e-01 5.654015670922306613e-01 3.966087365933686493e-01 6.189756722449475390e-01 3.213123961930554606e-01 2.908071714119377926e-01 3.994004567866659139e-01 5.414345041131735092e-01 4.997371632676828046e-01 5.294482121866910251e-01 3.956741702284968798e-01 3.640306204561943315e-01 3.366647681864808339e-01 3.017065431266251485e-01 2.773855162233347382e-01 6.171411998760315543e-01 4.529755346850267150e-01 4.483095252701748135e-01 4.212229047293988282e-01 3.747376289534830041e-01 6.373626335540979460e-01 3.961620660421245055e-01 3.551596840422328594e-01 6.626745437306188480e-01 3.543570195950913604e-01 3.801771684536987550e-01 2.917181522033405194e-01 4.813969174719819333e-01 3.230591044453312577e-01 1.610670773152978463e-01 3.426168974454257277e-01 3.808215920431260448e-01 6.127167626788148080e-01 4.218948430522569959e-01 3.787890404351883511e-01 5.482318533373561342e-01 3.706415801081391348e-01 2.666746877765033275e-01 2.600426832683532807e-01 3.271559198604700458e-01 4.160828329098489320e-01 3.938465859678794145e-01 2.823858811693038540e-01 3.862935596288956663e-01 2.754243441132900871e-01 3.665729371019974536e-01 6.365956640003315181e-01
7.196186085306165436e-01 2.876374660940147487e-01 3.190458034353587102e-01 4.182723109686476981e-01 1.000000000000000000e+00 2.074970895531103310e-01 3.135807075464924210e-01 1.631036986903288966e-01 5.110670908353788233e-01 2.229368765392200358e-01 4.234128154628825080e-01 2.451630723510878629e-01 3.395825854175815728e-01 3.054578942667286467e-01 3.227150745847975899e-01 6.281286165109238873e-01 2.208742889198496984e-01 4.554825036172511776e-01 2.680441956398016967e-01 4.268444880750928982e-01 5.809901664218100059e-01 2.177808027274980851e-01 3.113359151588214746e-01 2.570418367593383935e-01 5.476811138893945552e-01 1.597704959103601330e-01 3.405853067012478697e-01 4.024842565081572787e-01 5.418812658688242356e-01 5.621023073041733209e-01 3.084674095572810804e-01 4.018482459749189162e-01 4.207291269128868305e-01 1.983747404664683300e-01 3.628748518488125741e-01 4.223257622427102898e-01 5.230087962401748225e-01 2.478474743174567951e-01 4.447434696988274427e-01 4.667034246275148512e-01 6.587010664228294399e-01 3.848876323233398900e-01 5.518349266698540090e-01 4.249821510863661667e-01 4.141077649341486921e-01 6.037841920135536000e-01 5.558622187698348815e-01 4.607205896265804124e-01 5.009758689187866487e-01 3.313498080821788427e-01 5.878216087996225303e-01 4.384762532090654696e-01 3.242148804652782434e-01 4.219805766942126279e-01 6.097854582553204894e-01 3.893724869108149411e-01 3.385459011949082941e-01 4.656967529130420225e-01 2.071667192724392370e-01 4.615683517821007609e-01 3.667571832893781192e-01 6.293116340468304371e-01 3.549337123780441083e-01 3.786274383935972487e-01 6.077553334355252357e-01 7.106252522790771353e-01 5.639918218020608665e-01 2.703264371326436488e-01 5.423507659825109739e-01 3.236653185565768198e-01 4.828577097114105654e-01 4.262076719996929497e-01 4.324337818392903765e-01 4.463883946741996067e-01 3.526026513928909867e-01 4.650790812266011875e-01 4.445707029385290165e-01 5.381016233747327737e-01 3.197757717146357259e-01 4.052576212258965915e-01 2.717904036666006773e-01 4.309238999649192547e-01 4.804170934010265626e-01 3.888572910597955512e-01 3.970297802849431235e-01 1.697261944810326550e-01 3.505999435728719416e-01 2.078006554058026978e-01 4.907659487910270846e-01 4.696528771936385183e-01
2.144453569150456540e-01 5.374385079520532793e-01 3.472734071552165819e-02 2.165541467101627648e-01 2.074970895531103310e-01 1.000000000000000000e+00 3.189634352162111219e-01 1.166626719277168989e-01 1.006004872080325518e-01 9.147068131003496805e-02 1.938106513587467827e-01 1.539036225257806312e-01 3.571828669455127669e-01 2.878404112602416243e-01 2.448537218085153344e-01 2.059468520423233528e-01 2.747528892112831023e-01 1.346758863974316378e-01 6.227574681827824365e-01 2.139912677745062775e-01 2.438368038982672847e-01 3.352565056150234590e-01 5.334410567837564315e-02 1.248287510134749173e-01 2.835325961016161300e-01 5.186217692730656914e-01 9.281533176858167145e-02 1.377706525874628218e-01 2.802689538557667781e-01 2.393211568908041320e-01 2.629048217726476233e-01 4.175589921033058260e-01 5.138942046500966088e-01 6.230541602797585732e-01 2.775241047515454307e-01 1.498251919839095059e-01 3.251264788821892071e-01 7.992951831849065547e-02 2.496793584991415516e-01 2.458587763923066605e-01 1.846433458534097738e-01 2.467956324579268501e-01 3.425448084332790577e-01 3.004706088536634456e-01 2.920009771495192807e-01 2.497520603189019861e-01 2.649853534843982228e-01 4.382873368503200640e-01 3.453222512524517507e-01 2.372413971944011268e-01 3.223813302996997865e-01 2.654719830760657318e-01 2.546051500222044073e-01 3.180527477982630358e-01 2.447903865704982307e-01 1.383020719841575596e-01 5.733768960366982803e-01 4.033992293145242103e-01 2.589164155045077798e-01 2.445139809896789140e-01 3.858594462770015276e-01 3.109527958945699222e-01 2.799805568727715133e-01 1.457334296197964618e-01 2.143828473103261689e-01 1.683851596873533751e-01 2.481978784227800994e-01 2.214373289271491241e-01 2.164644074668393703e-01 1.184565688157369068e-01 3.353316976259859139e-01 3.434479898287252642e-01 2.104873750708360358e-01 3.639270964575211931e-01 5.208669493957496233e-01 2.766318140736342412e-01 2.034174316372738267e-01 3.107684969163745925e-01 1.073202892950809451e-01 1.206103450895988916e-01 6.848600903037668775e-02 2.058531009215367191e-01 2.860972000407043803e-01 1.795881949098810659e-01 3.910884890703045791e-01 7.680019155992029445e-01 2.614890575830401409e-01 3.218924485817859504e-01 2.971353001912057090e-01 2.435231780471394381e-01
3.211665710604469925e-01 3.670655314459010388e-01 2.534915689130112226e-01 3.860713268189160385e-01 3.135807075464924210e-01 3.189634352162111219e-01 1.000000000000000000e+00 2.524387331163031045e-01 2.603750625200797475e-01 3.530329333539253822e-01 3.205930945086888917e-01 4.032354909424353262e-01 4.216625745744108644e-01 3.176993858600120069e-01 3.555435526392132783e-01 3.195530061504745500e-01 4.034016245780479570e-01 1.935010271709721452e-01 2.631798185674514290e-01 3.217494475391178277e-01 3.541351744073215624e-01 3.853572237916886856e-01 2.237481290497436992e-01 2.246247293798362965e-01 4.051793597779628220e-01 3.839037247116720564e-01 2.265558861347354291e-01 2.100409799286106494e-01 3.795745622655390950e-01 2.640586645273734767e-01 3.358183703968543043e-01 3.607603246890095372e-01 3.864328814021221192e-01 4.255046672592938117e-01 2.944549958565875758e-01 2.860731392404081697e-01 3.718615223578002338e-01 2.213836073985816222e-01 3.933733806318892579e-01 3.634032726077105480e-01 2.326290485177683054e-01 3.512147730967513093e-01 3.524869070195777443e-01 3.670545849057328391e-01 3.749288746216234980e-01 2.776597919276582171e-01 3.814567584576047388e-01 3.786015517872653446e-01 3.586680107590025646e-01 3.632564150393431390e-01 3.589718191054658281e-01 3.764089761604377249e-01 4.465416519389214245e-01 4.652156452498094619e-01 2.839523203620053504e-01 2.127963391981005925e-01 3.478600251228735618e-01 3.599366910662954444e-01 3.107607387547500211e-01 4.124787107604098724e-01 4.120366778093911830e-01 3.565745576148910412e-01 3.656858469785550514e-01 3.000715180753814604e-01 2.302184849507772635e-01 2.779387143084335876e-01 4.179455540553455029e-01 3.027686706325510846e-01 3.396695243450643109e-01 2.031158926342473969e-01 2.771256472879223276e-01 4.151498735298502218e-01 2.214387551283435451e-01 3.546322801519738999e-01 3.817088654124791702e-01 3.176854116879609946e-01 3.291323038759024211e-01 3.231089320960739975e-01 3.899140354041122913e-01 2.538272843695840719e-01 2.233266843168718319e-01 2.203846969794578114e-01 2.815893081395761666e-01 2.698212762243843432e-01 4.714725303518438326e-01 3.711609663607616239e-01 3.595858990194271132e-01 4.922732464652869178e-01 3.303860488353362324e-01 4.032379570133510227e-01
2.353913704177723054e-01 1.513098258739547508e-01 3.924452664647688493e-01 2.768811271839865529e-01 1.631036986903288966e-01 1.166626719277168989e-01 2.524387331163031045e-01 1.000000000000000000e+00 2.372726648523526827e-01 2.646198950343850442e-01 1.867998085635901584e-01 2.920312097906233584e-01 2.074799746800208011e-01 3.147357679196957636e-01 2.350611591808013379e-01 1.397116707044753492e-01 2.476977647530583249e-01 2.481614073954251098e-01 1.314423897353231840e-01 2.254736340466649835e-01 2.399745297497881680e-01 3.355233029005511569e-01 1.620703903349822728e-01 2.291564372139571482e-01 1.940118753498131510e-01 1.889297370762526296e-01 3.664477643586537270e-01 2.228243495764327120e-01 1.699418037507140211e-01 1.574764775459804589e-01 2.376453929676824450e-01 2.413122653471193035e-01 1.720114000481088867e-01 1.807562662239072249e-01 2.534776107751277596e-01 3.704774270012516912e-01 1.815626237742660742e-01 3.202662448182169164e-01 2.187755542524314756e-01 2.346591567639660925e-01 1.968914984816895475e-01 2.841286631643359928e-01 2.112903460438975145e-01 2.300154474375566693e-01 1.747535182057960990e-01 1.693617965063829167e-01 1.821974764086888854e-01 1.928164356420610237e-01 1.789989825965323522e-01 1.998530670526583175e-01 1.802356395806819500e-01 1.737629768445758671e-01 3.587167891123370089e-01 2.152295502004527572e-01 2.064613328663141012e-01 3.462798240652942838e-01 1.531371521298980076e-01 1.318802592389579642e-01 2.605741706158716808e-01 1.566320189482479364e-01 1.958887537793886913e-01 1.758357079228901332e-01 1.718379507928037564e-01 2.854355621133247700e-01 1.822787057702956182e-01 1.301082001185820403e-01 2.042428795868549696e-01 2.261888860615342001e-01 2.048347112030325934e-01 1.334610133145460731e-01 2.508530010098643515e-01 2.029144247532991829e-01 1.449965028569868142e-01 1.253594617093814756e-01 1.888443722943676795e-01 2.071609706638142534e-01 2.257897095707676327e-01 2.770736236635087946e-01 3.024340343291613831e-01 3.382594434565110997e-01 3.119965091621796360e-01 1.817061119790319146e-01 1.739021033441856823e-01 2.752096981715398960e-01 1.608210536848322658e-01 1.755550728827474372e-01 1.754797341261903343e-01 2.932122986803404885e-01 2.034114973505195267e-01 2.108532233952230273e-01
4.750279661620090410e-01 1.373394497553483140e-01 4.481283874315971083e-01 2.616168820624784619e-01 5.110670908353788233e-01 1.006004872080325518e-01 2.603750625200797475e-01 2.372726648523526827e-01 1.000000000000000000e+00 1.973071773724733302e-01 2.712637695492751133e-01 3.038733434698553393e-01 3.795420764991598861e-01 2.314593982320258536e-01 2.541485570787030412e-01 3.964327016800215375e-01 2.923731511311565279e-01 5.591368824702089846e-01 2.935722863490397017e-01 2.893730330779410442e-01 4.604929069021834742e-01 2.251774952569298438e-01 6.264889424257281680e-01 2.594041787567457069e-01 3.750402125052501590e-01 1.323083136889702527e-01 2.830415143301187597e-01 5.854250772137141734e-01 2.248014916305563216e-01 5.287158193402938799e-01 3.416515786242088626e-01 3.298574727248797522e-01 3.515120188232092047e-01 5.152879754240065335e-02 3.541061407242826475e-01 5.043083026859861429e-01 4.051694136879230301e-01 3.150206810990604511e-01 3.082518297639124105e-01 3.809865117546146207e-01 6.395998581878038491e-01 5.867238583650226103e-01 5.072617870287392527e-01 3.417269431287195403e-01 1.700233906442261689e-01 4.577680048979791971e-01 2.649871142164660909e-01 3.222329040372230446e-01 3.907331462327618410e-01 2.387799372785105456e-01 3.992332942935207796e-01 2.644456754088973516e-01 2.359627958315702323e-01 2.961124199559657666e-01 5.371936570222864971e-01 4.521679211428212830e-01 1.674582129069699388e-01 3.813361582821327977e-01 1.728388244444247490e-01 2.195739412195883977e-01 1.981031422017986987e-01 4.026836157719754783e-01 2.503997868870824761e-01 2.969281292273908135e-01 3.988447957760862250e-01 3.566415906525493007e-01 2.661128350676622012e-01 3.077418864410453314e-01 3.872820730096584452e-01 1.352758011457663168e-01 4.443866566946254593e-01 3.590639621981055463e-01 6.685407564662914082e-01 2.710504360704579230e-01 1.950644812197097622e-01 2.708136635999557340e-01 2.939501514212503608e-01 5.107438136334292444e-01 3.646542795849013197e-01 5.502563705694984986e-01 2.535995511304748318e-01 4.929735641414301761e-01 3.862577458163676813e-01 4.401188513985427320e-01 1.841608774971421614e-01 1.024543358917108377e-01 2.311985604764437152e-01 3.031884460424541516e-01 3.458168628740412309e-01 2.366713642920553473e-01
1.880874159305924442e-01 2.007930375992839356e-01 3.508325116505704444e-01 4.024222540755924560e-01 2.229368765392200358e-01 9.147068131003496805e-02 3.530329333539253822e-01 2.646198950343850442e-01 1.973071773724733302e-01 1.000000000000000000e+00 2.063419911611235891e-01 5.135467886310746133e-01 1.901235164017049950e-01 2.067486222021686360e-01 3.204941222170707982e-01 2.057027930174470387e-01 3.113208368620253297e-01 1.652078349815300218e-01 6.381622515409440810e-02 3.278450709449616807e-01 2.880796536823876375e-01 1.907645405519093618e-01 2.292276507315149647e-01 3.232163673276419735e-01 2.496374919669963888e-01 1.921399611537407959e-01 3.097266309068512635e-01 1.840506603358245397e-01 3.283417966012229794e-01 1.299184857278307126e-01 1.897712757244593706e-01 2.519068304459147201e-01 1.561471284077259880e-01 3.060867447323923907e-01 2.994293146854520304e-01 3.106647060581952391e-01 1.858206035016764512e-01 3.274751466249458676e-01 3.134149032412957281e-01 2.436581805102743525e-01 1.584013164594808010e-01 2.669211255912995462e-01 1.863302368877162163e-01 2.302654141997459436e-01 3.173859256427188913e-01 2.050189390983035154e-01 3.048740986424264832e-01 1.359445241152755501e-01 1.386914196620579187e-01 2.228446285195198884e-01 2.685352654632238711e-01 3.013398147113999226e-01 5.038420635516716040e-01 2.294080347371583173e-01 2.065317970546617643e-01 2.430554591385609420e-01 1.022463426945266762e-01 1.421858487146640260e-01 3.214776377719051892e-01 2.977179267846080668e-01 3.306649755439559080e-01 2.481468026662932980e-01 2.218636166180959768e-01 3.459466090185768783e-01 1.719724373129331574e-01 1.753440529606421494e-01 3.343518874206275471e-01 2.001328785095885243e-01 2.178153200416909074e-01 1.742416187322553267e-01 2.816477017724399734e-01 1.565288138799146300e-01 1.231763295854436113e-01 1.806746277319530303e-01 1.940351361734071745e-01 3.384984920490311522e-01 2.405612990957331221e-01 2.869692118511992796e-01 5.956319413301690568e-01 3.128084540128048263e-01 3.419776695866399985e-01 1.807112367683949561e-01 1.404376014783483839e-01 3.227937708013325913e-01 2.611185803377113479e-01 2.077491405513585965e-01 2.223730455479523416e-01 3.143953728674845349e-01 2.116495953104773065e-01 3.956808704310245117e-01
5.151922093918943624e-01 3.495785190906821049e-01 3.653734699559719190e-01 3.720562768632941220e-01 4.234128154628825080e-01 1.938106513587467827e-01 3.205930945086888917e-01 1.867998085635901584e-01 2.712637695492751133e-01 2.063419911611235891e-01 1.000000000000000000e+00 3.072856789730428750e-01 2.824522379901673319e-01 3.956714772547548775e-01 3.348366545417277851e-01 5.706643904434348658e-01 1.255794687398181508e-01 3.629631085548354896e-01 1.852790466117495150e-01 4.543138972539857434e-01 5.031361687296067586e-01 3.361782496917400387e-01 1.595902848973094479e-01 3.386144164912683330e-01 5.930961183914102985e-01 2.578636085035045378e-01 3.346889305355293387e-01 2.812327107563196704e-01 5.142950043840344154e-01 3.760924947104788973e-01 4.539497003259935770e-01 3.692382424900360616e-01 3.913949440785872702e-01 2.617687785607891171e-01 4.667095473879511736e-01 4.014526473798336048e-01 5.249439853582110738e-01 3.034559372451169357e-01 4.267201187162203979e-01 5.826914257743109893e-01 3.471958844886558482e-01 2.502397891096176386e-01 4.532037763767853833e-01 4.982100222352305319e-01 4.349046255707929021e-01 3.586028255626677597e-01 4.077549019795116969e-01 4.590841648773820727e-01 3.939499988092552418e-01 4.748346156462463497e-01 5.925474366039381602e-01 5.665090465033110201e-01 3.101513200657805003e-01 4.763550394242033748e-01 3.952096428296023034e-01 3.301892526414510476e-01 3.452399306410094959e-01 4.158063957562212476e-01 1.907268442564289679e-01 6.664724888097788291e-01 4.177831199568130538e-01 3.629238399005636495e-01 4.471647233586444337e-01 4.163456978053854396e-01 3.777010700994437586e-01 4.612484398488986281e-01 5.080946731112576664e-01 4.140809507336766226e-01 7.707334692234267814e-01 3.188850734970142264e-01 4.756066598229622411e-01 4.631733282455720579e-01 2.643522069335692004e-01 4.321359312655478346e-01 4.182653599142232559e-01 4.913570983370149636e-01 6.407344277962014889e-01 4.252396961390620400e-01 3.133337018110117222e-01 4.394368929945007274e-01 2.704875131512862740e-01 2.630762727771680520e-01 5.084475308020689477e-01 4.616160074394796697e-01 4.317579187521978223e-01 2.334739188637480756e-01 4.562976480878567775e-01 1.393325778162323725e-01 5.836673017786432327e-01 4.283841225055000645e-01
2.688932682990086143e-01 3.065806340787055606e-01 4.334673685728713255e-01 4.537255683521928540e-01 2.451630723510878629e-01 1.539036225257806312e-01 4.032354909424353262e-01 2.920312097906233584e-01 3.038733434698553393e-01 5.135467886310746133e-01 3.072856789730428750e-01 1.000000000000000000e+00 2.465937621353760101e-01 2.503080334208672708e-01 5.793527855445558261e-01 3.206027273217398332e-01 3.268251308343945172e-01 2.266347052060970202e-01 8.260252934114394041e-02 4.698970428891197093e-01 3.280091397218169447e-01 1.995155965120072039e-01 2.486998573463921058e-01 3.698458704616129356e-01 3.160910890285409391e-01 2.198132989647180180e-01 3.028932599338653997e-01 2.362061277030229889e-01 4.117940402887468321e-01 3.012269672584817481e-01 3.682455577882487452e-01 3.796790084350786798e-01 2.615504922929856590e-01 3.018957883514307161e-01 4.394748956358876524e-01 3.651983751108721088e-01 2.980490594611097110e-01 3.565210530022054902e-01 4.539926060825652532e-01 3.619665430120220795e-01 2.231746370976176730e-01 2.889474939809505982e-01 3.616331386837330353e-01 3.484642261731397683e-01 3.492900458175228762e-01 2.333121535528153989e-01 3.349130271845014439e-01 2.143856870043606422e-01 2.111408187659583324e-01 3.305668628200923997e-01 3.168395331023554640e-01 3.527226554806977554e-01 4.645932262270715540e-01 3.461785649750849236e-01 2.094158693670567228e-01 2.477245918694270799e-01 1.930157138047183529e-01 2.017174588326383078e-01 3.819320849556128716e-01 3.824122889791460311e-01 4.296294743751913892e-01 2.954610716151795380e-01 2.935728244873425097e-01 3.846597005311599426e-01 2.409055134042743240e-01 2.260387432396385732e-01 4.451720693292109954e-01 4.269334091012684795e-01 3.011806666516708697e-01 2.066073050406171674e-01 3.705376917198578979e-01 3.004031819042515261e-01 2.915011257387934429e-01 2.484358065252631198e-01 2.777323223843859989e-01 4.227915757659165275e-01 2.992781438514804937e-01 3.567145504416058821e-01 7.135745569403902921e-01 4.577138306918737687e-01 3.662478366172875477e-01 2.467087503776286550e-01 2.780733798039389804e-01 4.602082725258147544e-01 3.041634897826997475e-01 2.681862549972743315e-01 3.354622738275185312e-01 3.045985753535037643e-01 2.769051889961967050e-01 4.064234726889999205e-01
3.621203463916228271e-01 3.512923707236481063e-01 2.400063794579160859e-01 2.529928012424915718e-01 3.395825854175815728e-01 3.571828669455127669e-01 4.216625745744108644e-01 2.074799746800208011e-01 3.795420764991598861e-01 1.901235164017049950e-01 2.824522379901673319e-01 2.465937621353760101e-01 1.000000000000000000e+00 3.831681119884962072e-01 2.752290118040410238e-01 3.189721357861023954e-01 4.241322871777304382e-01 2.895175953549462555e-01 4.510148249024350520e-01 2.250193169319485154e-01 3.091097591758388829e-01 3.520597424730340652e-01 3.595567266856668498e-01 2.155461436985979251e-01 3.694006102117330936e-01 3.653758171095513596e-01 1.891702707725456400e-01 3.037421751820779114e-01 2.894902523907270653e-01 3.688348722764849263e-01 3.438714447912252781e-01 3.715364897878546402e-01 4.335183304744543720e-01 2.959065644682752905e-01 2.808190374491673635e-01 3.038902095452652996e-01 4.056815127411612654e-01 1.779032956892988571e-01 3.497231297027720842e-01 3.325411719249051767e-01 3.472836094317092726e-01 5.364523118967552406e-01 4.307441360060056401e-01 3.521292449075027475e-01 2.276038840577850886e-01 3.079693104074351373e-01 3.448909818766546231e-01 4.682093568199489630e-01 4.715632684902691940e-01 2.631282627166524613e-01 3.352380785454665557e-01 2.784488723411114308e-01 2.776633149262339173e-01 3.692545073005056300e-01 3.917569522604726906e-01 2.804587570051516043e-01 3.759365939745605290e-01 3.958414379493688795e-01 2.441377412125057544e-01 3.029253445969131153e-01 3.735780866873282813e-01 3.423044643197521442e-01 2.784539662999821474e-01 1.871155906435698346e-01 2.564934629349252537e-01 2.485601521160669958e-01 3.374068125316728173e-01 2.672507927624505064e-01 3.072301823978476065e-01 2.027195132669752653e-01 3.046190851091049590e-01 4.335223384211591702e-01 4.015348281838680422e-01 3.302133298002207229e-01 3.642697642717682704e-01 2.411392988336242826e-01 2.736933784822718763e-01 3.686760031212918953e-01 2.262592163683645463e-01 2.864974602317309493e-01 1.633864249883202058e-01 3.090539394293605469e-01 3.439483251015050258e-01 2.663488380635505859e-01 2.779759373383344778e-01 3.075759945579579213e-01 3.078026211762720510e-01 4.738094191465737626e-01 3.185250538180335877e-01 2.873285379047375576e-01
3.811093616227674286e-01 3.197525193564519919e-01 3.143757631900301330e-01 3.381076815629555643e-01 3.054578942667286467e-01 2.878404112602416243e-01 3.176993858600120069e-01 3.147357679196957636e-01 2.314593982320258536e-01 2.067486222021686360e-01 3.956714772547548775e-01 2.503080334208672708e-01 3.831681119884962072e-01 1.000000000000000000e+00 2.853203365919625423e-01 3.265426944969345713e-01 2.934944810748776889e-01 3.074079439278843973e-01 2.863704283964693675e-01 3.716382556445002039e-01 3.916978985325936247e-01 4.975381926783387643e-01 1.783611018264889825e-01 2.308089348498779392e-01 3.552942730174389330e-01 2.429273639965250087e-01 3.358860150421335011e-01 2.719681080880637647e-01 3.222560632791213742e-01 2.421212755359759272e-01 3.772412862512364851e-01 3.212349868566655164e-01 3.323827015027191467e-01 3.611513515661768925e-01 4.099041623919518207e-01 3.827803511394205493e-01 3.864781888047726932e-01 2.720043135831243797e-01 3.263688879406195786e-01 4.499183301834044912e-01 3.213789921870434108e-01 3.194209584274661506e-01 3.117078422087641854e-01 3.857214715654324055e-01 3.710163316813186452e-01 2.833379385616535129e-01 3.628331399483811781e-01 3.661208934458373143e-01 3.265953191152748958e-01 3.393142002314194494e-01 3.588755510735411880e-01 3.496692261138628632e-01 2.850842329891071225e-01 3.414660165568694783e-01 4.103624285341430644e-01 3.670925290203931879e-01 3.217928345046203176e-01 3.077312094927809327e-01 2.351690556330922888e-01 3.519812053430236842e-01 3.800745067465703397e-01 3.029673347138261974e-01 3.235316455344758868e-01 3.575105806955474197e-01 3.415405573417205631e-01 2.386128609634562414e-01 3.504687134802165205e-01 3.231668224154385372e-01 3.674026446902463605e-01 1.955837655269926922e-01 4.095147276449566665e-01 3.418512001392814970e-01 2.036039926819456225e-01 3.100137613483438526e-01 3.435575991768684001e-01 3.671885696071516270e-01 3.827488882040634421e-01 3.866184049741518414e-01 2.529001962821706417e-01 3.420465105035109810e-01 2.184613775834023663e-01 2.597497433223547869e-01 3.739626899068105303e-01 3.901533508691215069e-01 3.215275162517018392e-01 3.069258040617616756e-01 2.841800523885548713e-01 3.270686986329938151e-01 4.141557211780885761e-01 3.748471255178165706e-01
3.965595581463254304e-01 4.348443634061757712e-01 3.411462494338875495e-01 5.024997884529439629e-01 3.227150745847975899e-01 2.448537218085153344e-01 3.555435526392132783e-01 2.350611591808013379e-01 2.541485570787030412e-01 3.204941222170707982e-01 3.348366545417277851e-01 5.793527855445558261e-01 2.752290118040410238e-01 2.853203365919625423e-01 1.000000000000000000e+00 3.646099190427534165e-01 2.273474379210364549e-01 2.207520566139000717e-01 1.682343552042268042e-01 5.222451588050371907e-01 3.258149151364476137e-01 2.318586087072239399e-01 1.507589616151501222e-01 4.190716482409571064e-01 3.027304889855538250e-01 2.557101046380053089e-01 3.041361858795094131e-01 1.639042001700040663e-01 4.718653277417991787e-01 4.226080102417747453e-01 4.334953532934938125e-01 3.569706645266682576e-01 3.716678901068452001e-01 3.052175221985661824e-01 4.169868693344729871e-01 3.148926536982822322e-01 3.877569462680685586e-01 4.006767159718733762e-01 6.523102420924873357e-01 3.980222159592711750e-01 2.708917216594708410e-01 2.027841429468733858e-01 4.349288140336730057e-01 4.629450569809429594e-01 4.779768869907737860e-01 2.721104260999795965e-01 4.682089130987367454e-01 3.487840282672091674e-01 3.501110734774715016e-01 4.773014817227153594e-01 3.404432765137624939e-01 3.796092467584959440e-01 3.885089532614527941e-01 4.394822981863476530e-01 2.366478320943928293e-01 2.158884298973183791e-01 3.408636962793283320e-01 3.054270897970617904e-01 4.359603251505009824e-01 4.220047058151881192e-01 6.007560456080727196e-01 3.446955526007464132e-01 4.027494164951637701e-01 3.986781597241148556e-01 3.312636083675784548e-01 3.502630000090573570e-01 5.880232471825734830e-01 5.593979022968251780e-01 3.328978416257890593e-01 2.926694325362134697e-01 3.853896400158426938e-01 4.012649811970089297e-01 2.942096381626939094e-01 3.725082982730723580e-01 4.029127981366527056e-01 4.590993833516809342e-01 3.853509704761862720e-01 3.264558989319670257e-01 4.881636956782506309e-01 3.833688573997492410e-01 2.658310563968198648e-01 2.280139963827838290e-01 3.535054771307432619e-01 4.087797014989936750e-01 3.820290973681095825e-01 3.077535887800151859e-01 4.993888322905577493e-01 2.142297538314071326e-01 3.814072706220087983e-01 4.726845572794619033e-01
6.493482588360214303e-01 3.721853305945916346e-01 3.635199324837817270e-01 3.710221446307682136e-01 6.281286165109238873e-01 2.059468520423233528e-01 3.195530061504745500e-01 1.397116707044753492e-01 3.964327016800215375e-01 2.057027930174470387e-01 5.706643904434348658e-01 3.206027273217398332e-01 3.189721357861023954e-01 3.265426944969345713e-01 3.646099190427534165e-01 1.000000000000000000e+00 1.960843735813788125e-01 4.014549181869264127e-01 2.141659083589385892e-01 4.842944133433279563e-01 5.576263129731138246e-01 1.808433060746973686e-01 2.071618227318459959e-01 2.553406382566840715e-01 6.533269939644160695e-01 1.947165967021904365e-01 3.118732786495646003e-01 3.545161747186142964e-01 6.386259202657430523e-01 5.439995618278016254e-01 4.285200751816629072e-01 4.395440886008852299e-01 4.861583295519284476e-01 2.610149266101115528e-01 4.484325850543712799e-01 3.831404571341113785e-01 6.457528921758174389e-01 2.790211585089549251e-01 4.566097910211305289e-01 5.748943733994632543e-01 4.722320947389370138e-01 3.122446071747368990e-01 6.099275062872776543e-01 5.060629622542919259e-01 4.981124765684025180e-01 4.989977317907547949e-01 4.679554772562044551e-01 4.896396709427767724e-01 5.201273715250686047e-01 4.794956162606092143e-01 6.050049573362251687e-01 5.738647219255362808e-01 3.258717936119765457e-01 5.038081156261889904e-01 4.599717978578242716e-01 2.849671957305903169e-01 4.113796230792694519e-01 5.498615147261012304e-01 1.729001319478324084e-01 6.611482190015065541e-01 4.694099585357641713e-01 5.820297791017441380e-01 4.381536113271884414e-01 4.000697324567524249e-01 6.158501648460807942e-01 7.377053476208719207e-01 5.379242515586577511e-01 3.423017867227614031e-01 7.224244414024170169e-01 3.138268965659031795e-01 4.823052629721192308e-01 5.107769193513491679e-01 3.670050271882062121e-01 5.269799027840230687e-01 4.475861332038917895e-01 4.859967077031674410e-01 5.955543809557739543e-01 4.895499770754189184e-01 3.720870989746511426e-01 4.379106796681231928e-01 3.236223983954781835e-01 3.083385155134211741e-01 6.517403829301720020e-01 4.793227662246746790e-01 5.271791984057386804e-01 2.450286649171606324e-01 4.312624713527670739e-01 1.471194689165403191e-01 6.195740528394407809e-01 4.788696596119069726e-01
2.075430583839415200e-01 2.322306185226569175e-01 2.226179227475558464e-01 2.789287123164304605e-01 2.208742889198496984e-01 2.747528892112831023e-01 4.034016245780479570e-01 2.476977647530583249e-01 2.923731511311565279e-01 3.113208368620253297e-01 1.255794687398181508e-01 3.268251308343945172e-01 4.241322871777304382e-01 2.934944810748776889e-01 2.273474379210364549e-01 1.960843735813788125e-01 1.000000000000000000e+00 2.604356550796515513e-01 3.427058538828906542e-01 2.004158408484651155e-01 2.728150827906386522e-01 3.283640144700568642e-01 3.366570335761259192e-01 1.263051839639621476e-01 2.582175943583256972e-01 3.595123997147517958e-01 1.925087498084164517e-01 2.511184884960082075e-01 2.171760093153990157e-01 1.907443901673669395e-01 2.706446316931378493e-01 3.084645469629303527e-01 2.680530623275205193e-01 3.576314414430658561e-01 2.570649752670701726e-01 3.049059407376734643e-01 2.093780442328930513e-01 2.121185358414099942e-01 2.218651196503736434e-01 3.009371250971816236e-01 2.823820102449103864e-01 4.097160731699757696e-01 2.272646185810927033e-01 2.215899809593828707e-01 2.255618767944999048e-01 2.577806904399339571e-01 2.489172508755091717e-01 1.962658541166730775e-01 2.465397540884244620e-01 1.345664635674885812e-01 2.397998055247076987e-01 2.305821556914932902e-01 3.195900374866542659e-01 2.595403560507137941e-01 2.805382140920424927e-01 2.353590621668423533e-01 2.255497355230656475e-01 2.167177932736285562e-01 2.559335349744127353e-01 2.149067294960781416e-01 2.563987644243089781e-01 2.739917943577667159e-01 1.277730220441864184e-01 2.174472918169006175e-01 1.733569574568026850e-01 1.162870809660507959e-01 2.757087350427865902e-01 1.281006940310712716e-01 1.703163985749660270e-01 8.375139199241500576e-02 2.811189008841596948e-01 2.813773165252625441e-01 2.334450769851436069e-01 1.743574230732772568e-01 2.488271005786413526e-01 2.027634719760693927e-01 1.622647539442345355e-01 3.342412180324743631e-01 3.094375119336862379e-01 2.368882492204488766e-01 1.178672489619270874e-01 2.727269255044472152e-01 1.964378186409099225e-01 2.356259382046828332e-01 1.811644286677292215e-01 3.116308866153948975e-01 1.273396137702793862e-01 5.568029777414374992e-01 1.992965922040595139e-01 2.274013739495140962e-01
